# 1: Inline
# 2: Crossline
# 3: Z
# 4: Amplitude
# 5: Correlation
# 6: Seed Index
# 7: Tracking Order
# - - - - - - - - - -
376	914	648.61750602722168	5395.6040039	0.8236881	1	845
376	916	647.83948659896851	5851.5185547	0.8490185	1	856
376	918	647.966384887695313	6026.2290039	0.8352186	1	861
378	912	649.94543790817261	4467.3413086	0.80647	1	831
378	914	648.667454719543457	5190.375	0.849094	1	839
378	916	648.17714691162109	5703.51416	0.8736969	1	849
378	918	648.39	5492.272949	0.8725046	1	853
378	920	648.302674293518066	5698.477539	0.8601349	1	860
378	922	648.855686187744141	5331.2324219	0.8095539	1	863
378	924	648.93871545791626	5779.5927734	0.806727	1	866
380	910	650.438189506530762	4362.9350586	0.8075922	1	813
380	912	649.468898773193359	5229.6269531	0.8070554	1	819
380	914	648.91922473907471	5540.9077148	0.8117217	1	822
380	916	648.594260215759277	5714.26123	0.8375716	1	837
380	918	648.4520435333252	5748.147461	0.8367864	1	848
380	920	648.460149765014648	5708.387207	0.8264725	1	855
380	922	648.575961589813232	5104.1464844	0.8012865	1	862
382	910	649.215042591094971	4470.4956055	0.819609	1	801
382	912	648.645520210266113	5792.5161133	0.8128956	1	812
382	914	648.29123020172119	5786.0185547	0.82856	1	816
382	916	648.059487342834473	5854.69873	0.8385333	1	829
382	918	648.198723793029785	5775.9619141	0.8380945	1	837
382	920	648.26506376266479	5488.809082	0.8090879	1	843
384	908	648.890852928161621	3927.4077148	0.83434	1	791
384	910	648.691177368164063	4766.1313477	0.8586137	1	795
384	912	647.988259792327881	6081.027832	0.8615324	1	800
384	914	647.865533828735352	6193.6567383	0.8666112	1	807
384	916	647.70364761352539	6057.706543	0.8589036	1	815
384	918	647.812247276306152	6069.5117188	0.8456243	1	827
384	920	647.789955139160156	5959.3989258	0.8208011	1	834
386	904	650.880992412567139	3917.2207031	0.81922	1	780
386	906	648.529052734375	3673.0947266	0.854891	1	781
386	908	647.575080394744873	4096.5556641	0.8629279	1	782
386	910	647.70776033401489	5663.2290039	0.8028688	3	765
386	912	647.6057767868042	6288.8671875	0.8543837	1	808
386	914	647.482335567474365	6318.92041	0.8028538	3	758
386	916	647.634029388427734	6729.9848633	0.8260439	1	828
386	918	647.682666778564453	6463.7744141	0.8116343	3	785
386	920	647.558689117431641	5746.79248	0.8133777	3	794
388	902	651.075124740600586	4105.6455078	0.8020473	1	778
388	904	648.768782615661621	4051.2875977	0.8337939	1	767
388	906	647.917866706848145	4804.965332	0.8948089	1	772
388	908	647.45950698852539	5529.849609	0.9023228	1	778
388	910	647.113502025604248	6411.272461	0.811789	3	754
388	912	647.0111608505249	6803.9360352	0.8245515	3	741
388	914	647.211551666259766	6942.4355469	0.824898	3	750
388	916	647.439002990722656	6873.8251953	0.818676	3	757
388	918	647.409617900848389	6722.87207	0.8222417	3	768
388	920	647.305727005004883	5870.960449	0.81466	3	783
390	904	649.106383323669434	4251.58252	0.8161387	1	756
390	906	648.719310760498047	4787.5952148	0.869921	1	760
390	908	648.364782333374023	5440.54541	0.8802853	1	771
390	910	647.415041923522949	5897.5068359	0.837623	1	777
390	912	646.956801414489746	7001.3364258	0.80991	3	727
390	914	647.185146808624268	7230.78418	0.8135472	3	740
392	900	649.499177932739258	3484.5234375	0.82305	1	729
392	902	648.824453353881836	3833.3693848	0.8330414	1	736
392	904	649.020075798034668	4286.8540039	0.8355938	1	746
392	906	648.98914098739624	4769.234375	0.818201	1	755
392	908	648.096024990081787	5066.272461	0.8693755	1	759
392	910	647.639989852905273	6425.54834	0.8099384	3	700
392	912	647.403955459594727	7394.859375	0.8151318	3	713
392	914	647.469103336334229	7656.2685547	0.8022515	3	725
394	894	650.671958923339844	3461.0019531	0.8191315	1	688
394	896	650.001585483551025	3548.625	0.8321619	1	697
394	898	649.781584739685059	3651.9760742	0.8465959	1	717
394	900	649.094522	4181.03418	0.855981	1	723
394	902	649.149537086486816	4311.147461	0.8404675	1	726
394	904	648.709952831268311	4519.071289	0.8396437	1	735
394	906	648.2386589050293	4727.0673828	0.8511581	1	745
394	908	647.9601264	5145.2519531	0.80354	3	667
394	910	647.63021469116211	6150.1665039	0.82111	3	682
394	912	647.460818290710449	7373.8374023	0.8025463	3	698
396	890	651.585221290588379	3838.543457	0.8049419	1	659
396	892	650.769233703613281	3981.9230957	0.8352435	1	656
396	894	650.128960609436035	3743.232666	0.8416665	1	671
396	896	649.27041530609131	3933.0280762	0.8286724	1	687
396	898	649	3960.75	0.83681	1	696
396	900	648.371219635009766	4090.1540527	0.84944	1	711
396	902	648.250162601470947	5133.4277344	0.8605281	1	716
396	904	647.919714450836182	5571.2294922	0.8150363	3	639
396	906	647.69661426544189	5806.246582	0.825341	3	651
396	908	647.49068021774292	6090.3007813	0.821159	3	664
396	910	647.563934326171875	7485.2807617	0.8134867	3	669
396	912	647.555351257324219	7751.64209	0.8050729	3	686
398	890	651.943564414978027	4071.324707	0.8072551	1	638
398	892	650.384604930877686	3842.9780273	0.8518868	1	657
398	894	649.98930692672729	3609.7568359	0.8645737	1	678
398	896	649.050116539001465	3974.3442383	0.8527469	1	693
398	898	648.812711238861084	4260.5761719	0.8791631	1	705
398	900	648.508250713348389	4611.1489258	0.8752244	1	706
398	902	647.848665714263916	5161.984375	0.831219	3	619
398	904	647.662758827209473	6405.0351563	0.844199	3	634
398	906	647.419333457946777	6910.6552734	0.83	3	636
398	908	647.063374519348145	7389.8398438	0.8358949	3	650
398	910	647.2657322883606	7505.0732422	0.813337	3	655
398	912	647.360026836395264	7780.116699	0.8218745	3	668
400	890	650.137186050415039	3322.2937012	0.8325688	1	596
400	892	648.068010807037354	3501.293457	0.8616343	1	637
400	894	648.304402828216553	3938.8293457	0.8653054	1	652
400	896	648.162782192230225	5055.7944336	0.8532625	1	677
400	898	647.941291332244873	5029.4882813	0.8054769	3	586
400	900	647.635877132415771	5072.347168	0.8348565	3	603
400	902	647.061645984649658	5213.1948242	0.8506963	3	615
400	904	647.161662578582764	6631.078125	0.8668085	3	625
400	906	646.988272666931152	6982.3173828	0.8347441	3	627
400	908	647.033870220184326	6967.66748	0.8211259	3	646
400	910	647.321403026580811	7191.940918	0.8084617	3	653
400	912	647.503435611724854	7329.1201172	0.8149161	3	676
402	888	648.309051990509033	3389.3845215	0.8323174	1	582
402	890	647.431731224060059	3546.4086914	0.845579	1	591
402	892	647.154867649078369	4482.0429688	0.8047166	3	543
402	894	647.103309631347656	5032.0581055	0.8273066	3	557
402	896	647.913336753845215	5465.2949219	0.8187862	3	569
402	898	647.788047790527344	5808.7978516	0.8609248	3	579
402	900	647.557973861694336	6482.915039	0.8737562	3	589
402	902	647.401690483093262	6799.4135742	0.8725244	3	605
402	904	647.233843803405762	6914.587891	0.861699	3	608
402	906	647.02296257019043	6920.20166	0.83203	3	623
402	908	647.333025932312012	6920.76416	0.8058	3	628
404	888	648.182332515716553	3479.5952148	0.8246	1	567
404	890	647.760510444641113	4058.835449	0.8631632	1	581
404	892	647.62997627258301	5380.039551	0.824681	3	523
404	894	647.849738597869873	5467	0.8340952	3	538
404	896	647.955894470214844	5881.378418	0.8451129	3	566
404	898	647.89688587188721	6190.2617188	0.858821	3	568
404	900	647.560060024261475	7065.4868164	0.8962114	3	578
404	902	647.45783805847168	6780.2421875	0.8761824	3	588
404	904	647.34542369842529	6781.553711	0.8452232	3	602
404	906	647.259116172790527	6826.2822266	0.8143385	3	609
406	886	651.120305061340332	3789.3022461	0.801669	1	542
406	888	648.973643779754639	4324.5883789	0.8453071	1	546
406	890	648.267984390258789	5002.2001953	0.8058171	3	504
406	892	648.084521293640137	5666.2832031	0.848159	3	541
406	894	648.157298564910889	6070.102051	0.8632737	3	522
406	896	648.165702819824219	6456.96582	0.8603386	3	536
406	898	648.115396499633789	7024.59082	0.8627353	3	565
406	900	647.958636283874512	7513.51416	0.85739	3	569
406	902	647.684574127197266	6613.7011719	0.83151	3	582
406	904	647.840678691864014	6583.8305664	0.8001672	3	589
408	884	651.173591613769531	3739.690918	0.8013944	1	509
408	886	650.652885437011719	3919.3505859	0.80092	1	571
408	888	649.14405345916748	4333.1225586	0.819665	1	540
408	890	648.609757423400879	5386.0532227	0.8550977	3	485
408	892	648.335695266723633	5938.76123	0.8849038	3	503
408	894	648.352682590484619	7281.1923828	0.9114782	3	515
408	896	648.463606834411621	7304.6269531	0.8960281	3	537
408	898	648.361146450042725	7668.1010742	0.8078713	2	369
408	900	648.38153123855591	7517.496582	0.8173862	2	397
408	902	648.300766944885254	6635.52832	0.8172147	2	396
408	904	648.401141166687012	6619.39502	0.820276	2	431
408	906	648.563861846923828	6056.4008789	0.8150461	2	438
408	908	648.833096027374268	5714.706543	0.8177618	2	458
408	910	649.37591552734375	5251.2958984	0.8010467	2	490
410	884	651.3	4380.612793	0.8024039	1	486
410	886	650.3976583480835	4234.6806641	0.8137577	1	508
410	888	649.337232112884521	4858.8911133	0.8179765	3	452
410	890	649.200439453125	5490.9399414	0.8667535	3	470
410	892	648.725509643554688	6738.6953125	0.9010854	3	484
410	894	648.58478307724	7253.5375977	0.9009225	3	507
410	896	649.1011381149292	7005.1918945	0.8764743	3	514
410	898	648.959517478942871	7065.9248047	0.8229234	2	344
410	900	648.56201410293579	6722.1259766	0.8291346	2	373
410	902	648.87690544128418	6423.7739258	0.8234577	2	371
410	904	649.205565452575684	5816.3603516	0.8169354	2	404
410	906	649.172782897949219	5388.3588867	0.8195612	2	481
410	910	649.729728698730469	4670.04834	0.8039731	2	521
412	864	662.568449974060059	3407.2990723	0.8190131	6	356
412	866	662.08416223526001	4069.22583	0.8184	6	398
412	882	652.382910251617432	4837.553711	0.820273	1	454
412	884	651.237547397613525	4688.5805664	0.808336	1	476
412	886	650.229811668396	4904.7480469	0.810014	3	393
412	888	649.404823780059814	4810.6293945	0.8494418	3	432
412	890	649.278402328491211	5680.6547852	0.887601	3	468
412	892	648.990809917449951	6221.6748047	0.8809888	3	469
412	894	649.121522903442383	6548.6386719	0.8917742	3	477
412	896	649.386823177337646	6673.522461	0.8746771	3	506
412	898	648.987889289855957	6536.1601563	0.8251756	2	316
412	900	649.220824241638184	6272.849609	0.8151613	2	338
412	902	649.567067623138428	5894.8491211	0.8251656	2	372
412	904	649.917960166931152	5782.2744141	0.847009	2	367
412	906	649.537444114685059	5004.4560547	0.8258175	2	392
414	862	662.058830261230469	3348.1765137	0.8199149	6	318
414	864	660.928010940551758	3985.451416	0.8573037	6	337
414	866	660.597383975982666	4853.897461	0.869803	6	366
414	868	659.266054630279541	4045.0046387	0.8	6	391
414	870	658.563613891601563	4481.9140625	0.8005865	6	410
414	874	656.268596649169922	4369.0273438	0.8167214	1	312
414	876	654.477775096893311	4830.41748	0.8702137	1	353
414	878	653.275787830352783	4835.2177734	0.8834454	1	413
414	880	652.5	5718.1875	0.8750279	1	416
414	882	651.538491249084473	5076.4135742	0.855749	1	440
414	884	650.609374046325684	5141.9697266	0.851201	3	324
414	886	649.4903564453125	5569.0327148	0.9008526	3	349
414	888	649.20729398727417	6055.1264648	0.911741	3	403
414	890	649.31941032409668	6612.3774414	0.9088357	3	419
414	892	648.958802223205566	7158.9140625	0.8179134	2	290
414	894	649.136126041412354	7266.3803711	0.8232317	2	273
414	896	649.574458599090576	6598.0756836	0.816859	2	251
414	898	649.576067924499512	6459.2094727	0.836324	2	292
414	900	649.925708770751953	5831.7163086	0.845615	2	313
414	902	649.930715560913086	5872.159668	0.8612142	2	328
414	904	649.837374687194824	5546.4760742	0.860015	2	351
414	906	649.689018726348877	5172.6713867	0.84164	2	380
414	908	649.406194686889648	5042.959961	0.8147324	2	399
416	860	663.632035255432129	4021.5476074	0.8016043	6	243
416	862	662.204861640930176	4599.2226563	0.8441463	6	293
416	864	661.157667636871338	4844.7177734	0.85655	6	317
416	866	660.10200977325439	4955.543457	0.84994	6	336
416	868	658.862054347991943	4431.9418945	0.8025646	1	272
416	870	658.353090286254883	4526.519043	0.8210751	1	201
416	872	656.484723091125488	4988.8393555	0.8391482	1	270
416	874	655.455410480499268	4871.3647461	0.8738	1	283
416	876	653.542578220367432	5129.6289063	0.9076058	1	307
416	878	652.687966823577881	5548.3583984	0.9162316	1	352
416	880	652.315497398376465	5818.5844727	0.8934632	1	388
416	882	651.856601238250732	5738.0498047	0.8272439	3	259
416	884	651.203393936157227	5968.722168	0.8941522	3	296
416	886	650.604307651519775	6242.1728516	0.9227876	3	321
416	888	650.229513645172119	6371.7646484	0.9293634	3	348
416	890	649.710237979888916	6449.2080078	0.8065436	2	256
416	892	649.585366249084473	6591.8486328	0.827469	2	257
416	894	649.913370609283447	6414.277832	0.831961	2	240
416	896	650.074481964111328	6331.4790039	0.8407375	2	210
416	898	650.157511234283447	6210.8847656	0.8648721	2	233
416	900	650.206685066223145	5849.0629883	0.870151	2	291
416	902	650.083959102630615	5475.6123047	0.8713646	2	298
416	904	650.210559368133545	5229.2485352	0.8721522	2	327
416	906	649.972021579742432	4926.2368164	0.8391572	2	350
416	908	649.49953556060791	4675.6640625	0.8104187	2	379
418	838	681.670129299163818	2775.0979	0.80582	4	297
418	840	680.504083633422852	3363.9228516	0.814259	4	320
418	856	668.31851005554199	4282.7119141	0.8250273	5	287
418	860	663.50638866424561	4524.8027344	0.8114928	6	175
418	862	661.353051662445068	4606.8139648	0.826345	6	234
418	864	660.833179950714111	5143.4106445	0.8067953	6	280
418	866	659.910738468170166	4884.255859	0.8026714	6	322
418	868	658.578336238861084	4396.4438477	0.8234676	1	226
418	870	657.634139060974121	4353.164551	0.85383	1	154
418	872	656.101226806640625	5298.3564453	0.8768782	1	199
418	874	655.069410800933838	5352.2080078	0.8983329	1	244
418	876	654.015243053436279	5594.28125	0.9179851	1	279
418	878	653.288900852203369	6099.9472656	0.8718327	1	332
418	880	652.866065502166748	5927.289551	0.8239313	3	185
418	882	652.1536111831665	6044.4663086	0.87094	3	223
418	884	651.798605918884277	5532.07959	0.895139	3	258
418	886	651.650071144104	5964.71582	0.892781	3	295
418	888	651.511430740356445	6296.2124023	0.8177134	2	261
418	890	651.281654834747314	5833.4169922	0.8343171	2	224
418	892	651.304423809051514	5837.4199219	0.8528556	2	214
418	894	651.545584201812744	5981.3085938	0.8447	2	171
418	896	651.68470144271851	5672.1274414	0.8592153	2	138
418	898	651.06576681137085	5585.425293	0.89598	2	188
418	900	650.715768337249756	5619.415039	0.875801	2	232
418	902	650.597870349884033	5324.4594727	0.8687284	2	276
418	904	650.296866893768311	4989.6943359	0.8705322	2	310
418	906	649.222433567047119	4262.133789	0.8123989	2	378
420	836	683.670938014984131	3309.3039551	0.8157535	4	184
420	838	681.328237056732178	4677.3374023	0.8232763	4	236
420	840	679.774582386016846	4502.871582	0.8329221	4	282
420	852	671.490788459777832	5027.5273438	0.8014879	5	108
420	854	670.4789400100708	4405.4726563	0.8124683	5	197
420	856	668.283164501190186	4693.4213867	0.85117	5	254
420	858	665.113985538482666	4618.7807617	0.8456056	6	125
420	860	663.0282998085022	5121.9155273	0.8366363	6	134
420	862	661.658525466918945	4760.0014648	0.8012815	6	172
420	866	660.125374794006348	5115.474609	0.8256645	1	49
420	868	659.197986125946045	4907.92041	0.8418843	1	113
420	870	657.34940767288208	5292.5874023	0.8806157	1	122
420	872	656.627416610717773	5619.522949	0.8704019	1	158
420	874	655.77578544616699	5577.4511719	0.8947147	1	211
420	876	654.500782489776611	5935.859375	0.816909	3	53
420	878	653.594374656677246	6176.6860352	0.845669	3	101
420	880	652.9686450958252	6181.8486328	0.856171	3	142
420	882	652.539491653442383	5923.4619141	0.8800538	3	182
420	884	652.39411592483521	5823.3583984	0.8854362	3	237
420	886	652.190268039703369	6585.741211	0.839684	2	260
420	888	651.787281036376953	6834.9931641	0.86362	2	222
420	890	651.6602635383606	6408.1015625	0.8882182	2	180
420	892	651.78215503692627	6327.730957	0.888666	2	169
420	894	652.006447315216064	5758.0102539	0.8986318	2	74
420	896	651.95983648300171	5697.397461	0.9076443	2	147
420	898	651.512801647186279	5339.4960938	0.9051212	2	137
420	900	651.102125644683838	5682.90625	0.8991286	2	187
420	902	650.840461254119873	5553.300293	0.858019	2	231
420	904	650.6197452545166	4778.1557617	0.8521856	2	265
420	906	650.1128077507019	4141.6918945	0.8062963	2	309
422	834	684.064865112304688	2958.2756348	0.8642881	4	95
422	836	681.723296642303467	3704.8439941	0.8674222	4	141
422	840	678.506731987	5910.2421875	0.800851	4	250
422	848	674.337029457092285	4568.1855469	0.8174964	5	26
422	850	671.90045118331909	5117.4853516	0.8499615	5	89
422	852	670.970797538757324	5079.6738281	0.88098	5	71
422	854	669.259548187255859	4734.962891	0.809359	6	87
422	856	667.65511035919189	5127.1796875	0.8282118	6	54
422	858	665.201663970947266	5110.2250977	0.8794262	6	79
422	860	663.650870323181152	5005.4448242	0.8460728	6	109
422	864	661.631107330322266	4785.8383789	0.80422	1	98
422	866	660.156428813934326	5391.05127	0.833865	1	38
422	868	659.087300300598145	4809.734375	0.8865348	1	58
422	870	656.762063503265381	5252.4331055	0.9273577	1	91
422	872	656.686484813690186	5545.8642578	0.8831073	1	121
422	874	655.70574998855591	5575.1806641	0.8607017	1	157
422	876	654.416441917419434	6181.5732422	0.8697459	3	29
422	878	653.413712978363037	6721.5927734	0.9031574	3	50
422	880	652.97955274581909	6748.296875	0.912343	3	79
422	882	652.891159057617188	6075.074707	0.9156272	3	140
422	884	652.723610401153564	6625.8051758	0.9035131	3	176
422	886	652.4125337600708	6379.3735352	0.8470626	3	225
422	888	652.174532413482666	5888.5009766	0.85686	2	178
422	890	652.03762054443359	5892.3027344	0.8683636	2	150
422	892	652.066230773925781	6338.1225586	0.85716	2	125
422	894	652.09841728210449	6403.6557617	0.874479	2	48
422	896	651.988565921783447	5644.03125	0.8861	2	84
422	898	651.195824146270752	5724.8447266	0.8878077	2	115
422	900	651.044607162475586	5557.6708984	0.8860129	2	136
422	902	650.5894660949707	5102.4013672	0.84903	2	168
422	904	650.864779949188232	4274.1103516	0.8235735	2	229
424	834	681.700527668	3169.4406738	0.87964	4	17
424	836	678.853273391723633	4108.51123	0.9074152	4	94
424	838	678.304195404052734	5556.6411133	0.8498587	4	159
424	840	676.55462026596069	6453.9125977	0.80272	4	202
424	846	674.0762591362	5510.2133789	0.836041	5	25
424	848	672.455906867980957	5372.3652344	0.8981435	5	10
424	850	670.870482921600342	5483.2485352	0.895507	5	23
424	852	669.709563255310059	4897.4921875	0.9075145	5	43
424	854	668.268501758575439	4563.8759766	0.87845	6	51
424	856	666.935920715332031	4720.3300781	0.9117823	6	13
424	858	664.462745189666748	4334.1381836	0.9065054	6	36
424	860	663.172602653503418	4483.8671875	0.852561	6	77
424	862	662.597596645355225	4440.5761719	0.8486785	1	96
424	864	660.934805870056152	4689.2646484	0.8701839	1	37
424	866	659.504532814025879	5429.19873	0.9190645	1	8
424	868	658.1384539604187	5699.1142578	0.9246018	1	35
424	870	656.67569637298584	6132.3623047	0.9192948	1	52
424	872	655.9520959854126	6498.54541	0.8327253	3	40
424	874	654.918074607849121	6924.5410156	0.8857561	3	28
424	876	654.617607593536377	7672.265625	0.9258416	3	11
424	878	653.776049613952637	6899.7290039	0.9525337	3	27
424	880	653.644919395446777	6644.2294922	0.9365287	3	82
424	882	653.884589672088623	6387.3535156	0.8952678	3	144
424	884	653.290212154388428	6641.90918	0.8613284	3	169
424	886	652.824640274047852	6037.949707	0.8728872	2	186
424	888	652.498185634613037	6079.2744141	0.8721551	2	148
424	890	652.220845222473145	6211.1547852	0.8987374	2	124
424	892	652.3321270942688	6580.46875	0.8761972	2	47
424	894	652.00150012969971	6419	0.9192954	2	15
424	896	651.574611663818359	5181.9619141	0.9129477	2	46
424	898	651.174545288085938	4998.5668945	0.9237643	2	76
424	900	650.787293910980225	4418.3701172	0.888989	2	114
424	902	650.97504854202271	4313.8188477	0.8633964	2	139
424	904	651.3703465461731	3977.036377	0.8344747	2	165
424	906	651.4783501625061	3668.1057129	0.8020178	2	213
426	832	681.981801986694336	1e30	1e30	1e30	1e30
426	834	679.996490478515625	1e30	1e30	1e30	1e30
426	836	677.88600921630859	1e30	1e30	1e30	1e30
426	838	677.139401435852051	1e30	1e30	1e30	1e30
426	840	676.515638828277588	1e30	1e30	1e30	1e30
426	842	676.142573356628418	1e30	1e30	1e30	1e30
426	844	675.44263601303101	1e30	1e30	1e30	1e30
426	846	673.32702875137329	1e30	1e30	1e30	1e30
426	848	671.938896179199219	1e30	1e30	1e30	1e30
426	850	670.298159122467041	1e30	1e30	1e30	1e30
426	852	669.137418270111084	1e30	1e30	1e30	1e30
426	854	667.7936315536499	1e30	1e30	1e30	1e30
426	856	666.60952568054199	1e30	1e30	1e30	1e30
426	858	664.079785346984863	1e30	1e30	1e30	1e30
426	860	662.68461942672729	1e30	1e30	1e30	1e30
426	862	660.9453558921814	1e30	1e30	1e30	1e30
426	864	659.93028879165649	1e30	1e30	1e30	1e30
426	866	658.982932567596436	1e30	1e30	1e30	1e30
426	868	657.891273498535156	1e30	1e30	1e30	1e30
426	870	657.014846801757813	1e30	1e30	1e30	1e30
426	872	656.318247318267822	1e30	1e30	1e30	1e30
426	874	655.522584915161133	1e30	1e30	1e30	1e30
426	876	655.19946813583374	1e30	1e30	1e30	1e30
426	878	654.940366744995117	1e30	1e30	1e30	1e30
426	880	654.96557950973511	1e30	1e30	1e30	1e30
426	882	654.678404331207275	1e30	1e30	1e30	1e30
426	884	654.176473617553711	1e30	1e30	1e30	1e30
426	886	653.284668922424316	1e30	1e30	1e30	1e30
426	888	652.942895889282227	1e30	1e30	1e30	1e30
426	890	652.450740337371826	1e30	1e30	1e30	1e30
426	892	652.250468730926514	1e30	1e30	1e30	1e30
426	894	652.22853422164917	1e30	1e30	1e30	1e30
426	896	651.986658573150635	1e30	1e30	1e30	1e30
426	898	651.846110820770264	1e30	1e30	1e30	1e30
426	900	651.3829231262207	1e30	1e30	1e30	1e30
426	902	652.0683765411377	1e30	1e30	1e30	1e30
426	904	652.059018611907959	1e30	1e30	1e30	1e30
428	830	682.883918285369873	3798.19458	0.87098	4	116
428	832	680.67085742950439	5112.48877	0.9300863	4	72
428	834	678.468108177185059	5246.472168	0.9190934	4	16
428	836	677.090644836425781	5919.710449	0.8825775	4	70
428	838	677.573740482330322	5302.5249023	0.8224155	4	110
428	840	677.05988883972168	5564.0239258	0.8475036	4	131
428	842	676.055014133453369	6085.5576172	0.8152065	5	68
428	844	674.843132495880127	5580.8657227	0.8584846	5	33
428	846	672.579288482666016	5372.3574219	0.9211931	5	19
428	848	671.37390375137329	4355.880859	0.9043612	5	7
428	850	669.62903738021851	4073.5639648	0.8629763	5	18
428	852	668.089807033538818	4374.7817383	0.8472061	5	63
428	854	666.913330554962158	4072.9108887	0.9281623	6	84
428	856	664.888203144073486	3469.6914063	0.9135	6	12
428	858	663.350820541381836	3578.3967285	0.8557715	6	83
428	860	661.628782749176025	4242.125	0.9160681	1	103
428	862	660.302162170410156	5517.8867188	0.9387152	1	65
428	864	659.928679466247559	5874.0175781	0.9369262	1	31
428	866	659.418106079101563	6043.2832031	0.9298863	1	6
428	868	658.02156925201416	6324.949707	0.8745981	1	30
428	870	657.18173980712891	6685.7714844	0.832819	1	60
428	872	656.839966773986816	6857.9018555	0.8791	3	45
428	874	656.313061714172363	6783.6821289	0.9237434	3	22
428	876	655.96240758895874	6317.3857422	0.9464657	3	9
428	878	655.829012393951416	6229.5327148	0.87677	3	21
428	880	655.643880367279053	6961.5117188	0.8388942	3	41
428	882	655.208826065063477	7035.9423828	0.8042263	3	73
428	884	654.76310253143311	7308.1542969	0.8531953	2	247
428	886	654.179751873016357	6551.6044922	0.8646125	2	189
428	888	653.762876987457275	5642.6396484	0.8883258	2	146
428	890	652.9356837272644	5846.3178711	0.9098825	2	123
428	892	652.783632278442383	5377.3764648	0.91451	2	57
428	894	652.806520462036133	4273.206543	0.8988658	2	14
428	896	652.325749397277832	3814.5356445	0.854471	2	39
428	898	652.901172637939453	3295.2250977	0.8498379	2	102
428	900	652.808845043182373	3303.8076172	0.854562	2	143
428	902	652.800917625427246	3066.3200684	0.8473943	2	163
430	828	683.942198753356934	4467.3901367	0.8723185	4	215
430	830	681.005358695983887	5042.722168	0.9034425	4	149
430	832	679.5315146446228	5593.537109	0.8704618	4	117
430	834	678.67946624755859	5491.3554688	0.8902426	4	79
430	836	678.736209869384766	4576.5791016	0.8939411	4	111
430	838	678.143978118896484	5113.165039	0.8756022	4	193
430	840	676.5102744102478	5580.1796875	0.8836725	4	183
430	842	675.4448413848877	5392.9755859	0.8356014	5	118
430	844	673.789560794830322	4990.4951172	0.8641633	5	69
430	846	672.40059375762939	5079.06543	0.8927112	5	34
430	848	671.283185482025146	4191.4833984	0.845981	5	20
430	850	669.32070255279541	3323.1130371	0.81239	5	64
430	852	666.106283664703369	3535.9638672	0.8693728	6	206
430	854	664.014875888824463	3651.0146484	0.8679437	6	160
430	856	662.540555	3731.6296387	0.8340535	6	86
430	858	662.00739145278931	4356.8798828	0.9216351	1	164
430	860	660.845398902893066	5404.96875	0.935772	1	129
430	862	659.9859	5630.037109	0.887434	1	104
430	864	659.65902805328369	5965.8374023	0.8839138	1	87
430	866	659.310638904571533	6891.7143555	0.858521	1	32
430	868	658.78826379776001	7408.383789	0.8261847	1	78
430	870	658.13553333282471	7457.640625	0.895229	3	241
430	872	657.82696008682251	6819.8173828	0.9067956	3	62
430	874	656.944930553436279	6451.6469727	0.8936136	3	55
430	876	656.487703323364258	5718.0732422	0.8727489	3	23
430	878	656.142115592956543	5863.6416016	0.8356178	3	42
430	880	656.1618447303772	6050.6586914	0.8043619	3	92
430	882	655.790448188781738	6345.2827148	0.877579	2	301
430	884	655.309796333312988	6368.45166	0.873399	2	278
430	886	654.880702495574951	6175.337891	0.886549	2	248
430	888	654.391169548034668	6045.7392578	0.8799049	2	190
430	890	654.205918312072754	4867.7919922	0.8855758	2	161
430	892	654.363036155700684	4520.7241211	0.8897551	2	97
430	894	653.902113437652588	3278.7827148	0.8408527	2	59
430	896	653.211832046508789	3002.9853516	0.81173	2	107
430	898	653.253555297851563	3115.459961	0.835712	2	135
430	900	653.908669948577881	2806.7856445	0.8262259	2	167
432	826	684.94158983230591	3854.4428711	0.8429962	4	307
432	828	683.397889137268066	4589.6582031	0.876413	4	239
432	830	680.10258674621582	5053.3583984	0.8937224	4	216
432	832	679.722964763641357	5576.5957031	0.854497	4	151
432	834	679.139256477355957	5328.262207	0.891491	4	120
432	836	678.816080093383789	4866.034668	0.8911517	4	195
432	838	677.41239070892334	4886.0830078	0.84949	4	217
432	840	676.11449956893921	4901.5322266	0.80516	5	177
432	842	674.716472625732422	4798.6254883	0.8684655	5	130
432	844	673.249185085296631	4742.734375	0.863859	5	119
432	846	671.802759170532227	4725.7021484	0.8809978	5	67
432	848	669.159471988677979	3941.9875488	0.8017626	5	44
432	850	665.04371166229248	4488.9243164	0.8509074	6	285
432	852	664.140164852142334	4226.5605469	0.82961	6	242
432	854	663.291692733764648	4283.2460938	0.8139589	6	207
432	856	661.415338516235352	4677.4931641	0.9080784	1	332
432	858	660.971581935882568	4734.5732422	0.8794081	1	203
432	860	660.513222217559814	5623.5561523	0.8794527	1	165
432	862	659.936606884002686	6475.98584	0.8506716	1	204
432	864	659.501910209655762	7113.2041016	0.809271	1	127
432	866	659.227192401885986	6815.9960938	0.867959	3	262
432	868	658.77014398574829	7493.13623	0.8915514	3	219
432	870	658.72699022293091	7334.6342773	0.9148673	3	152
432	872	658.3402156829834	6792.2788086	0.8963343	3	93
432	874	657.495558261871338	6175.6367188	0.849871	3	90
432	876	656.721055507659912	6060.0922852	0.8074831	3	56
432	878	656.518459320068359	5814.55957	0.8066351	3	100
432	880	656.431615352630615	5774.69043	0.8547736	2	339
432	882	656.0666561126709	6187.1313477	0.8897017	2	323
432	884	655.665218830108643	6250.4101563	0.889559	2	302
432	886	655.235707759857178	5919.2348633	0.891299	2	286
432	888	654.817163944244385	5121.275391	0.8888144	2	253
432	890	654.714643955230713	4885.84375	0.8809075	2	198
432	892	654.697597026824951	4212.2548828	0.8526862	2	162
432	894	654.244840145111084	3848.4702148	0.8393642	2	99
432	896	654.51347827911377	3047.0859375	0.82738	2	133
432	898	654.615461826324463	2958.6669922	0.8244015	2	172
432	900	653.842449188232422	3059.80542	0.8146185	2	208
434	824	686.244487762451172	3818.6611328	0.8355219	4	343
434	826	683.75861644744873	4193.3530273	0.8556426	4	326
434	828	681.736648082733154	4878.7661133	0.8652764	4	306
434	830	680.227220058441162	4789.9238281	0.8561319	4	288
434	832	679.234147071838379	5294.4711914	0.8951613	4	193
434	834	677.563250064849854	5506.824707	0.8892759	4	174
434	836	677.075982093811035	5094.578125	0.8652847	4	218
434	838	675.884723663330078	5054.5664063	0.811001	4	280
434	840	675.5293607711792	5633.9584961	0.863189	5	220
434	842	673.756062984466553	5047.1230469	0.8880743	5	181
434	844	672.103285789489746	4998.2548828	0.8781365	5	132
434	846	670.973479747772217	4535.2285156	0.8424938	5	106
434	848	665.547788143157959	4066.9760742	0.8515673	6	347
434	850	663.523495197296143	4806.5913086	0.80709	6	314
434	852	662.709474563598633	4988.6494141	0.8298172	1	365
434	854	661.935925483703613	5156.602539	0.8739113	1	330
434	856	661.059975624084473	5368.8422852	0.851088	1	294
434	858	660.462677478790283	5887.1948242	0.821901	1	255
434	860	660.064995288848877	7439.1870117	0.8098239	1	205
434	862	659.79874134063721	7795.9667969	0.8975228	3	425
434	864	659.5272421836853	8006.6557617	0.9002075	3	345
434	866	659.159541130065918	7682.0146484	0.8961881	3	299
434	868	659.072816371917725	7498.1230469	0.8963431	3	252
434	870	658.9275598526001	7060.7070313	0.8899384	3	228
434	872	658.522665500640869	6911.0673828	0.8506463	3	155
434	874	658.01161527633667	6017.0288086	0.8255914	3	128
434	876	657.33093023300171	6255.6679688	0.801083	2	420
434	878	656.6627025604248	6632.0039063	0.8397321	2	405
434	880	656.0782790184021	6452.6044922	0.8757356	2	375
434	882	655.86012601852417	6541.6074219	0.9001481	2	340
434	884	655.6057333946228	5285.7875977	0.9037358	2	357
434	886	655.07990121841431	4975.0605469	0.8967351	2	303
434	888	655.440926551818848	4560.5390625	0.8800323	2	289
434	890	655.029892921447754	3813.05127	0.8380255	2	249
436	822	686.520934104919434	3448.6806641	0.8229787	4	377
436	824	683.973133563995361	4240.0625	0.8564776	4	362
436	826	682.6406717300415	4794.7333984	0.8528364	4	341
436	828	680.739521980285645	4606.7998047	0.8193259	4	305
436	830	679.555356502532959	4467.6542969	0.8082336	4	274
436	832	677.621185779571533	5284.4594727	0.8683742	4	235
436	834	677.31177806854248	5395.2817383	0.866059	4	221
436	836	676.18948221206665	5093.3813477	0.8304274	4	266
436	838	675.277411937713623	5644.20166	0.8908243	5	315
436	840	674.484372138977051	5128.1010742	0.8840289	5	269
436	842	672.3753809928894	4819.9985352	0.8546664	5	227
436	844	670.85874080657959	4573.2451172	0.8315157	5	195
436	846	668.752074241638184	4227.0019531	0.8707978	6	435
436	848	664.756596088409424	4786.3955078	0.8273979	6	408
436	850	663.148760795593262	5136.2055664	0.8163031	1	434
436	852	662.60606050491333	5632.8798828	0.8497152	1	446
436	854	661.296725273132324	6366.7319336	0.868389	1	367
436	856	661.022305488586426	5983.0302734	0.8393635	1	331
436	858	660.326063632965088	7142.1113281	0.844595	3	448
436	860	660.127699375152588	7833.037109	0.8823756	3	409
436	862	659.947752952575684	7907.8676758	0.8994159	3	389
436	864	659.76071357727051	7788.73584	0.9007483	3	426
436	866	659.26665067672729	7653.3330078	0.8947945	3	329
436	868	659.162223339080811	7521.8945313	0.9020342	3	300
436	870	659.066855907440186	7403.0317383	0.8728282	3	263
436	872	658.873617649078369	7171.387207	0.8335956	3	212
436	874	658.45233201980591	5807.883301	0.8067773	3	191
436	876	658.398926258087158	6159.0805664	0.8292969	2	430
436	878	657.0853590965271	6127.2041016	0.8543212	2	421
436	880	656.911075115203857	5760.9165039	0.8825833	2	401
436	882	656.17662668228149	5962.4047852	0.8916126	2	376
436	884	655.846893787384033	4736.7978516	0.8633268	2	383
436	886	655.566811561584473	4724.7177734	0.8576233	2	386
436	888	655.71892261505127	3491.3928223	0.8255416	2	319
438	822	683.536410331726074	4322.734375	0.8469785	4	459
438	824	683.2042932510376	4812.522461	0.8882552	4	407
438	826	681.909799575805664	4690.7304688	0.8381842	4	363
438	828	680.09418249130249	4345.0375977	0.8015234	4	342
438	832	677.460968494415283	5182.55957	0.8382044	4	275
438	834	678.08997631072998	5161.2392578	0.833003	4	267
438	836	675.918877124786377	5004.7617188	0.8688282	5	364
438	838	674.30961132049561	4925.6464844	0.8510876	5	334
438	840	673.041045665740967	4796.7944336	0.8468564	5	325
438	842	671.5044379234314	4424.7749023	0.8125867	5	270
438	844	668.865323066711426	4220.6074219	0.878001	6	474
438	846	666.426599025726318	4661.085449	0.8451617	6	447
438	848	664.773225784301758	5423.831543	0.8145	6	436
438	854	662.369370460510254	6970.4882813	0.8288587	1	401
438	856	661.834716796875	7155.2304688	0.8046463	1	361
438	858	661.080837249755859	7992.2597656	0.8684677	3	460
438	860	660.760581493377686	7878.900391	0.8621669	3	449
438	862	660.589456558227539	8087.9389648	0.875511	3	410
438	864	660.110771656036377	7661.9663086	0.8801554	3	412
438	866	659.5841646194458	7688.772949	0.8806083	3	359
438	868	659.369230270385742	7693.32666	0.855422	3	311
438	870	659.180700778961182	7613.996582	0.8361372	3	284
438	872	659.055411815643311	7234.8623047	0.806729	3	246
438	874	658.82265567779541	6767.2495117	0.8244582	2	462
438	876	658.482909202575684	6165.5839844	0.8447	2	441
438	878	657.644510269165039	5691.887207	0.8695417	2	439
438	880	657.397747039794922	5176.7836914	0.877531	2	450
438	882	656.973898410797119	3978.9882813	0.8428732	2	412
438	884	656.46892786026001	3786.5539551	0.81891	2	405
438	886	655.70914745330811	3777.7614746	0.81147	2	384
438	888	655.70360422134399	2959.7805176	0.80221	2	387
440	820	684.585452079772949	3565.2568359	0.8356568	4	456
440	822	683.385849	4694.9169922	0.8684659	4	444
440	824	682.568669319152832	4747.296875	0.8543479	4	428
440	826	681.15919828414917	4680.5830078	0.8153511	4	417
440	830	678.034126758575439	4931.7353516	0.8024764	6	648
440	832	677.63453722	5660.65918	0.811677	4	304
440	834	677.526474	4830.9780273	0.8460537	5	418
440	836	675.468683242797852	4939.8452148	0.8119181	5	385
440	838	673.71284961700439	4371.224609	0.8647853	6	525
440	840	671.6344952583313	4404.421875	0.8789116	6	512
440	842	670.42273283004761	4378.7651367	0.8805536	6	496
440	844	667.905867099761963	4369.847168	0.8537959	6	482
440	846	666.916489601135254	5563.9082031	0.8061749	6	475
440	852	663.4756326675415	7060.0131836	0.8097258	3	529
440	854	663.176119327545166	7611.9360352	0.857917	3	492
440	856	662.619054317474365	7463.168457	0.8777289	3	479
440	858	661.842107772827148	7321.4892578	0.8812848	3	467
440	860	661.589086055755615	6957.784668	0.873448	3	442
440	862	661.1664891242981	7287.147461	0.8509879	3	424
440	864	660.501360893249512	7125.1567383	0.8253856	3	433
440	866	660.026788711547852	7390.19043	0.8046026	3	415
440	872	659.254848957061768	6663.3925781	0.8026237	2	473
440	874	659.019410610198975	5741.2202148	0.8286737	2	466
440	876	658.58006477355957	5343.8481445	0.8225272	2	463
440	878	657.950103282928467	4700.737793	0.8302572	2	453
440	880	657.136261463165283	4120.2705078	0.8242745	2	465
442	816	685.916423797607422	3078.6057129	0.8135261	4	517
442	818	684.79311466217041	3972.5646973	0.849111	4	495
442	820	684.029519557952881	4590.1123047	0.8799828	4	471
442	822	682.534217834472656	4851.89209	0.83699	4	457
442	824	681.602060794830322	5192.6806641	0.8340816	4	445
442	826	680.845797061920166	4890.9526367	0.8091382	4	437
442	828	679.73810434341431	4740.1225586	0.8174618	6	647
442	830	678.640186786651611	4903.4228516	0.8271011	6	614
442	832	678.24447154998779	4962.8823242	0.820286	5	483
442	834	677.392661571502686	4643.2890625	0.822825	5	461
442	836	674.746990203857422	4306.2451172	0.86835	6	554
442	838	672.700941562652588	4279.8603516	0.86	6	532
442	840	670.953869819641113	4070.1743164	0.8799145	6	526
442	842	668.734312057495117	4405.88916	0.838829	6	520
442	844	667.491674423217773	4461.741211	0.8014156	6	498
442	850	664.934635162353516	6469.4418945	0.8310726	3	560
442	852	664.189040660858154	6899.9189453	0.874619	3	552
442	854	663.8527512550354	7888.2485352	0.8886644	3	530
442	856	663.4184718132019	7949.196289	0.8884589	3	493
442	858	663.01983594894409	7156.2348633	0.8585162	3	480
442	860	663.11413049697876	6678.7680664	0.827823	3	488
442	862	662.54657506942749	6750.1328125	0.8211612	3	443
442	864	662.0023250579834	6707.7514648	0.80746	3	455
442	868	660.16995906829834	6985.2514648	0.801931	2	516
442	870	659.824609756469727	6976.5244141	0.8221618	2	501
442	872	659.799635410308838	5731.1728516	0.8310266	2	487
442	874	659.597456455230713	5474.8710938	0.82729	2	478
442	876	659.040093421936035	4821.883301	0.8150162	2	464
444	816	684.438467025756836	4365.9926758	0.8076227	4	573
444	818	683.806538581848145	4889.8427734	0.833353	4	519
444	820	682.845473289489746	4770.0600586	0.851926	4	496
444	822	682.09528923034668	4606.1088867	0.806304	4	472
444	824	681.039690971374512	5026.9833984	0.8186333	6	660
444	826	680.32383918762207	4527.0048828	0.842923	6	640
444	828	679.344475269317627	4562.6	0.8236871	6	612
444	830	678.468823432922363	4684.6879883	0.8180183	6	597
444	832	677.510440349578857	4144.8764648	0.8410441	6	585
444	834	675.309121608734131	3736.04541	0.8582571	6	580
444	836	672.562897205352783	4765.0288086	0.8402616	6	558
444	838	671.516001224517822	4134.397949	0.850979	6	572
444	840	670.275032520294189	4091.2929688	0.852021	6	535
444	842	668.746113777160645	4583.8374023	0.8064476	6	528
444	848	666.156530380249023	6629.2207031	0.8277478	3	558
444	850	665.031135082244873	6877.5146484	0.8626335	3	550
444	852	664.439260959625244	7351.5268555	0.8797251	3	531
444	854	664.138734340667725	7304.6699219	0.8663962	3	513
444	856	663.68943452835083	7161.07959	0.8437827	3	505
444	858	663.504123687744141	6718.6689453	0.8280987	3	494
444	860	663.2150411605835	6660.1054688	0.8018261	3	499
444	868	660.4573130607605	6933.7070313	0.803529	2	545
444	870	660.128593444824219	5974.6538086	0.8132234	2	517
444	872	659.840226173400879	5251.678711	0.80805	2	502
444	874	659.445524215698242	5089.23291	0.8065855	2	489
446	816	683.7955117225647	5322.693359	0.8011631	4	560
446	818	682.655155658721924	5635.5786133	0.8043557	4	550
446	820	681.617558002471924	5979.741699	0.8045642	4	532
446	822	681.290030479431152	4937.18457	0.8041	4	500
446	824	680.668354034423828	4455.3476563	0.81644	6	684
446	826	679.718196392059326	3901.0678711	0.8358746	6	663
446	828	678.754627704620361	4739.709961	0.8228851	6	641
446	832	676.09149217605591	4492.0673828	0.8483163	6	599
446	834	674.545109272003174	4042.9667969	0.8388911	6	592
446	836	672.5890040397644	4690.1552734	0.84065	6	576
446	838	671.335816383361816	4104.76416	0.816661	6	564
446	844	667.376160621643066	5192.79834	0.8051113	3	606
446	846	666.495025157928467	6777.568359	0.827776	3	594
446	848	665.709078311920166	7106.3735352	0.8465554	3	598
446	850	664.909183979034424	7462.5419922	0.8876752	3	562
446	852	664.494752883911133	7387.5546875	0.8681367	3	547
446	854	664.227485656738281	6924.9355469	0.8465334	3	534
448	824	680.483162403106689	5444.0351563	0.8111031	6	689
448	826	679.747879505157471	4448.7939453	0.8243076	6	685
448	828	678.50106954574585	4199.4921875	0.8624177	6	671
448	830	676.410675048828125	4213.91748	0.8808616	6	620
448	832	674.4154691696167	4126.980957	0.8884677	6	607
448	834	673.07966947555542	4440.1357422	0.86153	6	616
448	836	671.717166900634766	4357.95459	0.8241652	6	593
448	842	668.271720409393311	6222.9833984	0.8032165	3	622
448	844	667.338728904724121	6415.5893555	0.838599	3	610
448	846	666.797995567321777	6777.8759766	0.85486	3	595
448	848	666.231513023376465	7342.428711	0.871469	3	584
448	850	665.335595607757568	7155.112793	0.8839518	3	574
448	852	664.787709712982178	7239.4790039	0.848034	3	563
448	854	664.28673267364502	7297.6889648	0.8288429	3	548
450	820	682.180881500244141	5619.215332	0.800861	6	720
450	822	681.5064549446106	5979.0620117	0.8090454	6	710
450	824	680.450975894927979	5846.26709	0.819099	6	704
450	826	679.373323917388916	5082.5249023	0.8552449	6	690
450	828	677.47342586517334	4034.98877	0.8938265	6	665
450	830	675.611495971679688	3693.8005371	0.8807654	6	674
450	832	674.2280125617981	4273.4472656	0.83124	6	621
450	834	672.6219654083252	4561.3955078	0.8127825	6	626
450	842	668.7016487121582	7005.945801	0.85246	3	643
450	844	668.032407760620117	7372.2915039	0.8461815	3	624
450	846	667.37520694732666	7627.4223633	0.8565028	3	611
450	848	666.910290718078613	7709.6860352	0.88097	3	600
450	850	666.128337383270264	7206.0727539	0.863591	3	587
450	852	665.122568607330322	7046.3583984	0.8217628	3	575
452	818	683.245658874511719	5381.8959961	0.8033948	6	730
452	820	682.901978492736816	5502.512207	0.821934	6	719
452	822	681.339144706726074	5695.5600586	0.8767946	6	709
452	824	680.330991744995117	5470.8935547	0.8844342	6	701
452	826	679.051578044891357	4539.0205078	0.905409	6	691
452	828	676.21004581451416	4092.5817871	0.8697438	6	679
452	830	674.892544746398926	4331.5615234	0.8510014	6	666
452	832	674.483597278594971	4295.456543	0.839649	6	633
452	834	672.861278057098389	4562.4946289	0.81098	6	635
452	840	670	6385.875	0.8240387	3	662
452	842	669.2844033241272	7175.9379883	0.8408127	3	643
452	844	668.561756610870361	7168.3515625	0.849341	3	629
452	846	667.879045009613037	7059.9321289	0.8227733	3	617
452	848	667.460441589355469	7226.3969727	0.8213466	3	618
452	850	666.599869728088379	6383.5024414	0.8123415	3	603
454	820	683.505415916442871	5067.8168945	0.821839	6	731
454	822	681.921243667602539	3855.5649414	0.8879527	6	721
454	824	679.199278354644775	3736.6398926	0.87253	6	714
454	826	676.459550857543945	4081.510498	0.8629076	6	702
454	828	674.712598323822021	4463.2709961	0.8291589	6	703
454	830	674.134135246276855	4116.0576172	0.8186976	6	680
454	840	670.8950400352478	6887.3647461	0.8598733	3	673
454	842	670.182585716247559	6904.3310547	0.8570022	3	658
454	844	669.041335582733154	7019.397949	0.8573377	3	645
454	846	668.39599609375	7165.974609	0.8182187	3	631
456	818	683.696866035461426	5048.0092773	0.819359	6	747
456	820	682.67726898193359	4543.2392578	0.874469	6	738
456	822	680.311322212219238	3781.0600586	0.8784372	6	728
456	824	677.713990211486816	3614.755127	0.85732	6	737
456	826	676.07349157333374	4571.616211	0.8163735	6	715
456	834	672.45405912399292	6622.4306641	0.8225241	3	732
456	836	671.86582088470459	6597.6518555	0.8448937	3	722
456	838	671.438157558441162	7447.375	0.8072152	3	707
456	840	671.2002158164978	6815.8803711	0.8442451	3	695
456	842	670.957446098327637	6786.2080078	0.810491	3	675
458	816	682.875990867614746	5284.0556641	0.819101	6	769
458	818	682.65664577484131	4811.0146484	0.8480741	6	760
458	820	681.001901626586914	4554.46875	0.8760117	6	749
458	822	677.681863307952881	4633.7734375	0.8404365	6	739
458	834	672.385215759277344	7021.462891	0.865459	3	744
458	836	672.03068733215332	6965.241211	0.8469411	3	732
458	838	671.351075172424316	7672.02002	0.8334214	3	718
458	840	671.065449714660645	7670.71875	0.82623	3	708
460	814	683.254122734069824	4992.0898438	0.8304	6	793
460	816	682.10071325302124	4655.8334961	0.8427049	6	788
460	818	680.557608604431152	4082.6442871	0.866598	6	770
460	820	678.341925144195557	4094.6877441	0.8442568	6	762
460	830	673.301994800567627	5771.7744141	0.801882	3	775
460	832	672.704339027404785	6914.599609	0.8502927	3	763
460	834	671.98479175567627	6870.0634766	0.91158	3	752
460	836	671.979963779449463	7049.1088867	0.8855852	3	743
460	838	671.513080596923828	7407.0273438	0.8133028	3	734
462	818	679.617464542388916	4508.8959961	0.8084373	6	786
462	828	673.672795295715332	6774.8984375	0.8157076	3	792
462	830	673.0157732963562	7378.730957	0.842069	3	787
462	832	672.49965667724609	7504.4140625	0.8803915	3	776
462	834	672.073543071746826	7455.587891	0.8808733	3	764
462	836	671.933293342590332	7716.3505859	0.8435383	3	753
464	824	676.2310266494751	6257.6445313	0.8058448	3	817
464	826	675.50802230834961	6887.1430664	0.8255024	3	804
464	828	674.73071813583374	7180.7915039	0.8418719	3	799
464	830	673.555970191955566	7259.380859	0.8625714	3	796
464	832	672.933816909790039	7509.366211	0.8841054	3	788
464	834	672.85001277923584	7152.269043	0.8366688	3	774
466	824	676.543593406677246	6805.2265625	0.8094879	3	820
466	826	676.021814346313477	7120.1401367	0.8402357	3	818
466	828	675.45473575592041	7441.76416	0.8529767	3	805
466	830	674.5879054069519	7242.9238281	0.882599	3	801
466	832	674.335241317749023	7623.931641	0.8426436	3	798
466	834	674.0570068359375	7592.6689453	0.802233	3	790
468	822	677.431344985961914	7014.6040039	0.8030011	3	833
468	824	676.977157592773438	6970.9013672	0.8236315	3	825
468	826	676.339626312255859	7581.9052734	0.8423485	3	821
468	828	675.81635713577271	7807.7646484	0.8561245	3	811
468	830	675.419092178344727	8509.953125	0.845209	3	806
468	832	674.90470409393311	8224.94043	0.8138816	3	803
470	820	677.229046821594238	7169.7402344	0.807728	3	846
470	822	677.068710327148438	7043.8945313	0.8446978	3	852
470	824	676.740407943725586	7372.39209	0.8499179	3	834
470	826	676.226139068603516	7560.7475586	0.8773138	3	826
470	828	675.884246826171875	7838.6083984	0.841625	3	823
470	830	675.43321847915649	8684.8242188	0.834269	3	809
472	820	677.045822143554688	7640.6274414	0.8135412	3	859
472	822	676.879525184631348	7746.7446289	0.8355589	3	847
472	824	676.67496204376221	7396.2988281	0.8533487	3	841
472	826	676.441669464111328	7604.866699	0.8512965	3	832
472	828	676.133990287780762	7561.5942383	0.8425522	3	830
472	830	675.39322376251221	7554.4023438	0.8145924	3	824
474	818	677.442252635955811	7179.3056641	0.8035876	3	867
474	820	677.238225936889648	7520.6264648	0.82673	3	864
474	822	677.2153377532959	7281.2832031	0.8441564	3	858
474	824	676.993608474731445	7132.26123	0.8443956	3	850
474	826	676.629066467285156	7389.3510742	0.8428818	3	842
474	828	676.325440406799316	6946.1069336	0.8083115	3	834
476	820	678.04849147796631	5986.960449	0.8263472	3	868
476	822	677.864551544189453	6136.90332	0.820042	3	865
476	824	677.22928524017334	6176.4741211	0.8175343	3	854
478	816	679.721832275390625	6189.7797852	0.8040577	3	871
478	818	679.491996765136719	6464.790039	0.8139377	3	870
478	820	679.105877876281738	6341.8598633	0.8009128	3	869
480	812	680.7628870010376	6352.5922852	0.8014454	3	874
480	814	680.1837682724	6389.2919922	0.8147874	3	873
480	816	679.97086048126221	6196.1948242	0.808239	3	872
482	814	680.22686243057251	6570.4682617	0.8076513	3	875
