# Petrel Points with attributes
# Unit in X and Y direction: m
# Unit in depth: m
VERSION 1
BEGIN HEADER
X
Y
Z
END HEADER
374667.10 4541269.76 -5199.68 
374662.03 4541281.19 -5199.59 
374656.96 4541292.62 -5199.50 
374651.89 4541304.04 -5199.44 
374646.83 4541315.47 -5199.39 
374641.76 4541326.90 -5199.31 
374636.69 4541338.32 -5199.22 
374631.62 4541349.75 -5199.25 
374626.56 4541361.18 -5199.29 
374621.49 4541372.61 -5199.26 
374616.42 4541384.03 -5199.23 
374611.36 4541395.46 -5199.24 
374606.29 4541406.89 -5199.24 
374601.22 4541418.31 -5199.25 
374596.15 4541429.74 -5199.27 
374591.09 4541441.17 -5199.24 
374586.02 4541452.59 -5199.22 
374580.95 4541464.02 -5199.20 
374575.88 4541475.45 -5199.19 
374570.82 4541486.87 -5199.17 
374565.75 4541498.30 -5199.16 
374560.68 4541509.73 -5199.10 
374555.61 4541521.16 -5199.05 
374550.55 4541532.58 -5198.97 
374545.48 4541544.01 -5198.89 
374540.41 4541555.44 -5198.85 
374535.35 4541566.86 -5198.81 
374530.28 4541578.29 -5198.68 
374525.21 4541589.72 -5198.54 
374520.14 4541601.14 -5197.94 
374515.08 4541612.57 -5197.33 
374510.01 4541624.00 -5196.70 
374504.94 4541635.42 -5196.07 
374499.87 4541646.85 -5195.42 
374494.81 4541658.28 -5194.76 
374489.74 4541669.71 -5194.05 
374484.67 4541681.13 -5193.35 
374479.60 4541692.56 -5192.79 
374474.54 4541703.99 -5192.22 
374469.47 4541715.41 -5191.66 
374464.40 4541726.84 -5191.09 
374459.34 4541738.27 -5190.40 
374454.27 4541749.69 -5189.70 
374449.20 4541761.12 -5189.01 
374444.13 4541772.55 -5188.32 
374439.07 4541783.97 -5187.72 
374434.00 4541795.40 -5187.12 
374428.93 4541806.83 -5186.98 
374423.86 4541818.26 -5186.83 
374418.80 4541829.68 -5186.82 
374413.73 4541841.11 -5186.80 
374408.66 4541852.54 -5186.85 
374403.60 4541863.96 -5186.89 
374398.53 4541875.39 -5187.00 
374393.46 4541886.82 -5187.11 
374388.39 4541898.24 -5187.11 
374383.33 4541909.67 -5187.11 
374378.26 4541921.10 -5187.00 
374373.19 4541932.53 -5186.89 
374368.12 4541943.95 -5186.89 
374363.06 4541955.38 -5186.89 
374357.99 4541966.81 -5186.89 
374352.92 4541978.23 -5186.89 
374347.85 4541989.66 -5186.89 
374342.79 4542001.09 -5186.89 
374337.72 4542012.51 -5186.89 
374332.65 4542023.94 -5186.89 
374327.59 4542035.37 -5186.78 
374322.52 4542046.79 -5186.67 
374317.45 4542058.22 -5186.44 
374312.38 4542069.65 -5186.22 
374307.32 4542081.08 -5186.00 
374302.25 4542092.50 -5185.78 
374297.18 4542103.93 -5185.56 
374292.11 4542115.36 -5185.33 
374287.05 4542126.78 -5185.22 
374281.98 4542138.21 -5185.11 
374276.91 4542149.64 -5185.00 
374271.85 4542161.06 -5184.89 
374266.78 4542172.49 -5184.78 
374261.71 4542183.92 -5184.67 
374256.64 4542195.34 -5184.44 
374251.58 4542206.77 -5184.22 
374246.51 4542218.20 -5183.89 
374241.44 4542229.63 -5183.56 
374236.37 4542241.05 -5183.22 
374231.31 4542252.48 -5182.89 
374226.24 4542263.91 -5182.44 
374221.17 4542275.33 -5182.00 
374216.10 4542286.76 -5181.56 
374211.04 4542298.19 -5181.11 
374205.97 4542309.61 -5180.56 
374200.90 4542321.04 -5180.00 
374195.84 4542332.47 -5179.44 
374190.77 4542343.90 -5178.89 
374185.70 4542355.32 -5178.33 
374180.63 4542366.75 -5177.78 
374175.57 4542378.18 -5177.22 
374170.50 4542389.60 -5176.67 
374165.43 4542401.03 -5176.22 
374160.36 4542412.46 -5175.78 
374155.30 4542423.88 -5175.44 
374150.23 4542435.31 -5175.11 
374145.16 4542446.74 -5174.67 
374140.09 4542458.16 -5174.22 
374135.03 4542469.59 -5174.00 
374129.96 4542481.02 -5173.78 
374124.89 4542492.45 -5173.56 
374119.83 4542503.87 -5173.33 
374114.76 4542515.30 -5173.22 
374109.69 4542526.73 -5173.11 
374104.62 4542538.15 -5173.00 
374099.56 4542549.58 -5172.89 
374094.49 4542561.01 -5172.78 
374089.42 4542572.43 -5172.67 
374084.35 4542583.86 -5172.56 
374079.29 4542595.29 -5172.44 
374074.22 4542606.71 -5172.33 
374069.15 4542618.14 -5172.22 
374064.09 4542629.57 -5172.11 
374059.02 4542641.00 -5172.00 
374053.95 4542652.42 -5172.00 
374048.88 4542663.85 -5172.00 
374043.82 4542675.28 -5172.00 
374038.75 4542686.70 -5172.00 
374033.68 4542698.13 -5172.00 
374028.61 4542709.56 -5172.00 
374023.55 4542720.98 -5172.00 
374018.48 4542732.41 -5172.00 
374013.41 4542743.84 -5172.00 
374008.34 4542755.26 -5172.00 
374003.28 4542766.69 -5172.00 
373998.21 4542778.12 -5172.00 
373993.14 4542789.55 -5172.00 
373988.08 4542800.97 -5172.00 
373983.01 4542812.40 -5172.00 
373977.94 4542823.83 -5172.00 
373972.87 4542835.25 -5172.00 
373967.81 4542846.68 -5172.00 
373962.74 4542858.11 -5172.00 
373957.67 4542869.53 -5172.00 
373952.60 4542880.96 -5172.00 
373947.54 4542892.39 -5172.00 
373942.47 4542903.82 -5171.89 
373937.40 4542915.24 -5171.78 
373932.33 4542926.67 -5171.67 
373927.27 4542938.10 -5171.56 
373922.20 4542949.52 -5171.33 
373917.13 4542960.95 -5171.11 
373912.07 4542972.38 -5170.89 
373907.00 4542983.80 -5170.67 
373901.93 4542995.23 -5170.33 
373896.86 4543006.66 -5170.00 
373891.80 4543018.08 -5169.56 
373886.73 4543029.51 -5169.11 
373881.66 4543040.94 -5168.67 
373876.59 4543052.37 -5168.22 
373871.53 4543063.79 -5167.78 
373866.46 4543075.22 -5167.33 
373861.39 4543086.65 -5166.78 
373856.33 4543098.07 -5166.22 
373851.26 4543109.50 -5165.78 
373846.19 4543120.93 -5165.33 
373841.12 4543132.35 -5164.78 
373836.06 4543143.78 -5164.22 
373830.99 4543155.21 -5163.78 
373825.92 4543166.63 -5163.33 
373820.85 4543178.06 -5162.89 
373815.79 4543189.49 -5162.44 
373810.72 4543200.92 -5162.11 
373805.65 4543212.34 -5161.78 
373800.58 4543223.77 -5161.56 
373795.52 4543235.20 -5161.33 
373790.45 4543246.62 -5161.11 
373785.38 4543258.05 -5160.89 
373780.32 4543269.48 -5160.67 
373775.25 4543280.90 -5160.44 
373770.18 4543292.33 -5160.33 
373765.11 4543303.76 -5160.22 
373760.05 4543315.19 -5160.11 
373754.98 4543326.61 -5160.00 
373749.91 4543338.04 -5160.00 
373744.84 4543349.47 -5160.00 
373739.78 4543360.89 -5160.00 
373734.71 4543372.32 -5160.00 
373729.64 4543383.75 -5160.00 
373724.57 4543395.17 -5160.00 
373719.51 4543406.60 -5160.00 
373714.44 4543418.03 -5160.00 
373709.37 4543429.45 -5160.00 
373704.31 4543440.88 -5160.00 
373699.24 4543452.31 -5160.00 
373694.17 4543463.74 -5160.00 
373689.10 4543475.16 -5160.00 
373684.04 4543486.59 -5160.00 
373678.97 4543498.02 -5160.00 
373673.90 4543509.44 -5160.00 
373668.83 4543520.87 -5159.89 
373663.77 4543532.30 -5159.78 
373658.70 4543543.72 -5159.56 
373653.63 4543555.15 -5159.33 
373648.57 4543566.58 -5159.11 
373643.50 4543578.00 -5158.89 
373638.43 4543589.43 -5158.67 
373633.36 4543600.86 -5158.44 
373628.30 4543612.29 -5158.22 
373623.23 4543623.71 -5158.00 
373618.16 4543635.14 -5157.78 
373613.09 4543646.57 -5157.56 
373608.03 4543657.99 -5157.33 
373602.96 4543669.42 -5157.11 
373597.89 4543680.85 -5156.89 
373592.82 4543692.27 -5156.67 
373587.76 4543703.70 -5156.33 
373582.69 4543715.13 -5156.00 
373577.62 4543726.55 -5155.78 
373572.56 4543737.98 -5155.56 
373567.49 4543749.41 -5155.33 
373562.42 4543760.84 -5155.11 
373557.35 4543772.26 -5154.78 
373552.29 4543783.69 -5154.44 
373547.22 4543795.12 -5154.00 
373542.15 4543806.54 -5153.56 
373537.08 4543817.97 -5153.11 
373532.02 4543829.40 -5152.67 
373526.95 4543840.82 -5152.22 
373521.88 4543852.25 -5151.78 
373516.81 4543863.68 -5151.33 
373511.75 4543875.11 -5150.89 
373506.68 4543886.53 -5150.44 
373501.61 4543897.96 -5150.00 
373496.55 4543909.39 -5149.67 
373491.48 4543920.81 -5149.33 
373486.41 4543932.24 -5149.00 
373481.34 4543943.67 -5148.67 
373476.28 4543955.09 -5148.44 
373471.21 4543966.52 -5148.22 
373466.14 4543977.95 -5148.11 
373461.07 4543989.37 -5148.00 
373456.01 4544000.80 -5148.00 
373450.94 4544012.23 -5148.00 
373445.87 4544023.66 -5147.89 
373440.81 4544035.08 -5147.78 
373435.74 4544046.51 -5147.56 
373430.67 4544057.94 -5147.33 
373425.60 4544069.36 -5147.11 
373420.54 4544080.79 -5146.89 
373415.47 4544092.22 -5146.67 
373410.40 4544103.64 -5146.44 
373405.33 4544115.07 -5146.22 
373400.27 4544126.50 -5146.00 
373395.20 4544137.92 -5145.78 
373390.13 4544149.35 -5145.56 
373385.06 4544160.78 -5145.33 
373380.00 4544172.21 -5145.11 
373374.93 4544183.63 -5144.89 
373369.86 4544195.06 -5144.67 
373364.80 4544206.49 -5144.44 
373359.73 4544217.91 -5144.22 
373354.66 4544229.34 -5144.11 
373349.59 4544240.77 -5144.00 
373344.53 4544252.19 -5144.00 
373339.46 4544263.62 -5144.00 
373334.39 4544275.05 -5144.00 
373329.32 4544286.47 -5144.00 
373324.26 4544297.90 -5144.00 
373319.19 4544309.33 -5144.00 
373314.12 4544320.76 -5144.00 
373309.05 4544332.18 -5144.00 
373303.99 4544343.61 -5144.00 
373298.92 4544355.04 -5144.00 
373293.85 4544366.46 -5144.00 
373288.79 4544377.89 -5144.00 
373283.72 4544389.32 -5143.89 
373278.65 4544400.74 -5143.78 
373273.58 4544412.17 -5143.44 
373268.52 4544423.60 -5143.11 
373263.45 4544435.03 -5142.78 
373258.38 4544446.45 -5142.44 
373253.31 4544457.88 -5142.11 
373248.25 4544469.31 -5141.78 
373243.18 4544480.73 -5141.44 
373238.11 4544492.16 -5141.11 
373233.05 4544503.59 -5140.67 
373227.98 4544515.01 -5140.22 
373222.91 4544526.44 -5139.78 
373217.84 4544537.87 -5139.33 
373212.78 4544549.29 -5138.78 
373207.71 4544560.72 -5138.22 
373202.64 4544572.15 -5137.56 
373197.57 4544583.58 -5136.89 
373192.51 4544595.00 -5136.33 
373187.44 4544606.43 -5135.78 
373182.37 4544617.86 -5135.44 
373177.30 4544629.28 -5135.11 
373172.24 4544640.71 -5134.78 
373167.17 4544652.14 -5134.44 
373162.10 4544663.56 -5134.11 
373157.04 4544674.99 -5133.78 
373151.97 4544686.42 -5133.44 
373146.90 4544697.84 -5133.11 
373141.83 4544709.27 -5132.89 
373136.77 4544720.70 -5132.67 
373131.70 4544732.13 -5132.44 
373126.63 4544743.55 -5132.22 
373121.56 4544754.98 -5132.11 
373116.50 4544766.41 -5132.00 
373111.43 4544777.83 -5132.00 
373106.36 4544789.26 -5132.00 
373101.29 4544800.69 -5132.00 
373096.23 4544812.11 -5132.00 
373091.16 4544823.54 -5132.00 
373086.09 4544834.97 -5132.00 
373081.03 4544846.40 -5132.00 
373075.96 4544857.82 -5132.00 
373070.89 4544869.25 -5132.00 
373065.82 4544880.68 -5132.00 
373060.76 4544892.10 -5132.00 
373055.69 4544903.53 -5132.00 
373050.62 4544914.96 -5132.00 
373045.55 4544926.38 -5132.00 
373040.49 4544937.81 -5132.00 
373035.42 4544949.24 -5132.00 
373030.35 4544960.66 -5132.00 
373025.29 4544972.09 -5132.00 
373020.22 4544983.52 -5132.00 
373015.15 4544994.95 -5132.00 
373010.08 4545006.37 -5132.00 
373005.02 4545017.80 -5132.00 
372999.95 4545029.23 -5132.00 
372994.88 4545040.65 -5132.00 
372989.81 4545052.08 -5132.00 
372984.75 4545063.51 -5132.00 
372979.68 4545074.93 -5132.00 
372974.61 4545086.36 -5132.00 
372969.54 4545097.79 -5131.89 
372964.48 4545109.21 -5131.78 
372959.41 4545120.64 -5131.56 
372954.34 4545132.07 -5131.33 
372949.28 4545143.50 -5131.11 
372944.21 4545154.92 -5130.89 
372939.14 4545166.35 -5130.56 
372934.07 4545177.78 -5130.22 
372929.01 4545189.20 -5129.89 
372923.94 4545200.63 -5129.56 
372918.87 4545212.06 -5129.22 
372913.80 4545223.48 -5128.89 
372908.74 4545234.91 -5128.44 
372903.67 4545246.34 -5128.00 
372898.60 4545257.76 -5127.56 
372893.54 4545269.19 -5127.11 
372888.47 4545280.62 -5126.56 
372883.40 4545292.05 -5126.00 
372878.33 4545303.47 -5125.44 
372873.27 4545314.90 -5124.89 
372868.20 4545326.33 -5124.44 
372863.13 4545337.75 -5124.00 
372858.06 4545349.18 -5123.56 
372853.00 4545360.61 -5123.11 
372847.93 4545372.03 -5122.78 
372842.86 4545383.46 -5122.44 
372837.79 4545394.89 -5122.11 
372832.73 4545406.32 -5121.78 
372827.66 4545417.74 -5121.44 
372822.59 4545429.17 -5121.11 
372817.53 4545440.60 -5120.89 
372812.46 4545452.02 -5120.67 
372807.39 4545463.45 -5120.44 
372802.32 4545474.88 -5120.22 
372797.26 4545486.30 -5120.11 
372792.19 4545497.73 -5120.00 
372787.12 4545509.16 -5120.00 
372782.05 4545520.58 -5120.00 
372776.99 4545532.01 -5120.00 
372771.92 4545543.44 -5120.00 
372766.85 4545554.87 -5120.00 
372761.78 4545566.29 -5120.00 
372756.72 4545577.72 -5120.00 
372751.65 4545589.15 -5120.00 
372746.58 4545600.57 -5120.00 
372741.52 4545612.00 -5120.00 
372736.45 4545623.43 -5120.00 
372731.38 4545634.85 -5120.00 
372726.31 4545646.28 -5120.00 
372721.25 4545657.71 -5120.00 
372716.18 4545669.13 -5119.89 
372711.11 4545680.56 -5119.78 
372706.04 4545691.99 -5119.67 
372700.98 4545703.42 -5119.56 
372695.91 4545714.84 -5119.44 
372690.84 4545726.27 -5119.33 
372685.78 4545737.70 -5119.11 
372680.71 4545749.12 -5118.89 
372675.64 4545760.55 -5118.67 
372670.57 4545771.98 -5118.44 
372665.51 4545783.40 -5118.22 
372660.44 4545794.83 -5118.00 
372655.37 4545806.26 -5117.78 
372650.30 4545817.69 -5117.56 
372645.24 4545829.11 -5117.33 
372640.17 4545840.54 -5117.11 
372635.10 4545851.97 -5116.89 
372630.03 4545863.39 -5116.67 
372624.97 4545874.82 -5116.56 
372619.90 4545886.25 -5116.44 
372614.83 4545897.67 -5116.33 
372609.77 4545909.10 -5116.22 
372604.70 4545920.53 -5116.11 
372599.63 4545931.95 -5116.00 
372594.56 4545943.38 -5116.00 
372589.50 4545954.81 -5116.00 
372584.43 4545966.24 -5115.89 
372579.36 4545977.66 -5115.78 
372574.29 4545989.09 -5115.56 
372569.23 4546000.52 -5115.33 
372564.16 4546011.94 -5115.11 
372559.09 4546023.37 -5114.89 
372554.02 4546034.80 -5114.44 
372548.96 4546046.22 -5114.00 
372543.89 4546057.65 -5113.56 
372538.82 4546069.08 -5113.11 
372533.76 4546080.50 -5112.67 
372528.69 4546091.93 -5112.22 
372523.62 4546103.36 -5111.78 
372518.55 4546114.79 -5111.33 
372513.49 4546126.21 -5110.89 
372508.42 4546137.64 -5110.44 
372503.35 4546149.07 -5110.00 
372498.28 4546160.49 -5109.56 
372493.22 4546171.92 -5109.22 
372488.15 4546183.35 -5108.89 
372483.08 4546194.77 -5108.56 
372478.02 4546206.20 -5108.22 
372472.95 4546217.63 -5107.89 
372467.88 4546229.05 -5107.56 
372462.81 4546240.48 -5107.33 
372457.75 4546251.91 -5107.11 
372452.68 4546263.34 -5106.89 
372447.61 4546274.76 -5106.67 
372442.54 4546286.19 -5106.44 
372437.48 4546297.62 -5106.22 
372432.41 4546309.04 -5106.00 
372427.34 4546320.47 -5105.78 
372422.27 4546331.90 -5105.56 
372417.21 4546343.32 -5105.33 
372412.14 4546354.75 -5105.11 
372407.07 4546366.18 -5104.89 
372402.01 4546377.61 -5104.67 
372396.94 4546389.03 -5104.44 
372391.87 4546400.46 -5104.33 
372386.80 4546411.89 -5104.22 
372381.74 4546423.31 -5104.11 
372376.67 4546434.74 -5104.00 
372371.60 4546446.17 -5104.00 
372366.53 4546457.59 -5104.00 
372361.47 4546469.02 -5104.00 
372356.40 4546480.45 -5104.00 
372351.33 4546491.87 -5104.00 
372346.26 4546503.30 -5104.00 
372341.20 4546514.73 -5104.00 
372336.13 4546526.16 -5104.00 
372331.06 4546537.58 -5104.00 
372326.00 4546549.01 -5104.00 
372320.93 4546560.44 -5104.00 
372315.86 4546571.86 -5104.00 
372310.79 4546583.29 -5104.00 
372305.73 4546594.72 -5104.00 
372300.66 4546606.14 -5104.00 
372295.59 4546617.57 -5104.00 
372290.52 4546629.00 -5104.00 
372285.46 4546640.42 -5104.00 
372280.39 4546651.85 -5104.00 
372275.32 4546663.28 -5104.00 
372270.26 4546674.71 -5104.00 
372265.19 4546686.13 -5104.00 
372260.12 4546697.56 -5104.00 
372255.05 4546708.99 -5104.00 
372249.99 4546720.41 -5103.89 
372244.92 4546731.84 -5103.78 
372239.85 4546743.27 -5103.67 
372234.78 4546754.69 -5103.56 
372229.72 4546766.12 -5103.44 
372224.65 4546777.55 -5103.33 
372219.58 4546788.98 -5103.11 
372214.51 4546800.40 -5102.89 
372209.45 4546811.83 -5102.67 
372204.38 4546823.26 -5102.44 
372199.31 4546834.68 -5102.22 
372194.25 4546846.11 -5102.00 
372189.18 4546857.54 -5101.56 
372184.11 4546868.96 -5101.11 
372179.04 4546880.39 -5100.67 
372173.98 4546891.82 -5100.22 
372168.91 4546903.24 -5099.78 
372163.84 4546914.67 -5099.33 
372158.77 4546926.10 -5099.00 
372153.71 4546937.53 -5098.67 
372148.64 4546948.95 -5098.33 
372143.57 4546960.38 -5098.00 
372138.50 4546971.81 -5097.67 
372133.44 4546983.23 -5097.33 
372128.37 4546994.66 -5096.89 
372123.30 4547006.09 -5096.44 
372118.24 4547017.51 -5096.00 
372113.17 4547028.94 -5095.56 
372108.10 4547040.37 -5095.11 
372103.03 4547051.79 -5094.67 
372097.97 4547063.22 -5094.44 
372092.90 4547074.65 -5094.22 
372087.83 4547086.08 -5094.00 
372082.76 4547097.50 -5093.78 
372077.70 4547108.93 -5093.56 
372072.63 4547120.36 -5093.33 
372067.56 4547131.78 -5093.11 
372062.50 4547143.21 -5092.89 
372057.43 4547154.64 -5092.67 
372052.36 4547166.06 -5092.44 
372047.29 4547177.49 -5092.22 
372042.23 4547188.92 -5092.00 
372037.16 4547200.34 -5092.00 
372032.09 4547211.77 -5092.00 
372027.02 4547223.20 -5092.00 
372021.96 4547234.63 -5092.00 
372016.89 4547246.05 -5092.00 
372011.82 4547257.48 -5092.00 
372006.75 4547268.91 -5092.00 
372001.69 4547280.33 -5092.00 
371996.62 4547291.76 -5092.00 
371991.55 4547303.19 -5092.00 
371986.49 4547314.61 -5092.00 
371981.42 4547326.04 -5092.00 
371976.35 4547337.47 -5092.00 
371971.28 4547348.90 -5092.00 
371966.22 4547360.32 -5092.00 
371961.15 4547371.75 -5092.00 
371956.08 4547383.18 -5092.00 
371951.01 4547394.60 -5092.00 
371945.95 4547406.03 -5092.00 
371940.88 4547417.46 -5092.00 
371935.81 4547428.88 -5092.00 
371930.74 4547440.31 -5092.00 
371925.68 4547451.74 -5091.89 
371920.61 4547463.16 -5091.78 
371915.54 4547474.59 -5091.56 
371910.48 4547486.02 -5091.33 
371905.41 4547497.45 -5091.11 
371900.34 4547508.87 -5090.89 
371895.27 4547520.30 -5090.67 
371890.21 4547531.73 -5090.44 
371885.14 4547543.15 -5090.22 
371880.07 4547554.58 -5090.00 
371875.00 4547566.01 -5089.78 
371869.94 4547577.43 -5089.56 
371864.87 4547588.86 -5089.22 
371859.80 4547600.29 -5088.89 
371854.74 4547611.71 -5088.44 
371849.67 4547623.14 -5088.00 
371844.60 4547634.57 -5087.56 
371839.53 4547646.00 -5087.11 
371834.47 4547657.42 -5086.78 
371829.40 4547668.85 -5086.44 
371824.33 4547680.28 -5086.00 
371819.26 4547691.70 -5085.56 
371814.20 4547703.13 -5085.11 
371809.13 4547714.56 -5084.67 
371804.06 4547725.98 -5084.22 
371798.99 4547737.41 -5083.78 
371793.93 4547748.84 -5083.33 
371788.86 4547760.27 -5082.89 
371783.79 4547771.69 -5082.44 
371778.73 4547783.12 -5082.00 
371773.66 4547794.55 -5081.67 
371768.59 4547805.97 -5081.33 
371763.52 4547817.40 -5081.11 
371758.46 4547828.83 -5080.89 
371753.39 4547840.25 -5080.67 
371748.32 4547851.68 -5080.44 
371743.25 4547863.11 -5080.22 
371738.19 4547874.53 -5080.00 
371733.12 4547885.96 -5080.00 
371728.05 4547897.39 -5080.00 
371722.99 4547908.82 -5079.89 
371717.92 4547920.24 -5079.78 
371712.85 4547931.67 -5079.67 
371707.78 4547943.10 -5079.56 
371702.72 4547954.52 -5079.44 
371697.65 4547965.95 -5079.33 
371692.58 4547977.38 -5079.11 
371687.51 4547988.80 -5078.89 
371682.45 4548000.23 -5078.67 
371677.38 4548011.66 -5078.44 
371672.31 4548023.08 -5078.22 
371667.24 4548034.51 -5078.00 
371662.18 4548045.94 -5077.78 
371657.11 4548057.37 -5077.56 
371652.04 4548068.79 -5077.33 
371646.98 4548080.22 -5077.11 
371641.91 4548091.65 -5076.89 
371636.84 4548103.07 -5076.67 
371631.77 4548114.50 -5076.56 
371626.71 4548125.93 -5076.44 
371621.64 4548137.35 -5076.33 
371616.57 4548148.78 -5076.22 
371611.50 4548160.21 -5076.11 
371606.44 4548171.63 -5076.00 
371601.37 4548183.06 -5076.00 
371596.30 4548194.49 -5076.00 
371591.23 4548205.92 -5076.00 
371586.17 4548217.34 -5076.00 
371581.10 4548228.77 -5076.00 
371576.03 4548240.20 -5076.00 
371570.97 4548251.62 -5076.00 
371565.90 4548263.05 -5076.00 
371560.83 4548274.48 -5076.00 
371555.76 4548285.90 -5076.00 
371550.70 4548297.33 -5075.89 
371545.63 4548308.76 -5075.78 
371540.56 4548320.19 -5075.56 
371535.49 4548331.61 -5075.33 
371530.43 4548343.04 -5075.11 
371525.36 4548354.47 -5074.89 
371520.29 4548365.89 -5074.56 
371515.23 4548377.32 -5074.22 
371510.16 4548388.75 -5073.89 
371505.09 4548400.17 -5073.56 
371500.02 4548411.60 -5073.22 
371494.96 4548423.03 -5072.89 
371489.89 4548434.45 -5072.33 
371484.82 4548445.88 -5071.78 
371479.75 4548457.31 -5071.22 
371474.69 4548468.74 -5070.67 
371469.62 4548480.16 -5070.00 
371464.55 4548491.59 -5069.33 
371459.48 4548503.02 -5068.78 
371454.42 4548514.44 -5068.22 
371449.35 4548525.87 -5067.78 
371444.28 4548537.30 -5067.33 
371439.22 4548548.72 -5066.89 
371434.15 4548560.15 -5066.44 
371429.08 4548571.58 -5066.11 
371424.01 4548583.00 -5065.78 
371418.95 4548594.43 -5065.44 
371413.88 4548605.86 -5065.11 
371408.81 4548617.29 -5064.78 
371403.74 4548628.71 -5064.44 
371398.68 4548640.14 -5064.33 
371393.61 4548651.57 -5064.22 
371388.54 4548662.99 -5064.11 
371383.47 4548674.42 -5064.00 
371378.41 4548685.85 -5064.00 
371373.34 4548697.27 -5064.00 
371368.27 4548708.70 -5064.00 
371363.21 4548720.13 -5064.00 
371358.14 4548731.56 -5064.00 
371353.07 4548742.98 -5064.00 
371348.00 4548754.41 -5064.00 
371342.94 4548765.84 -5064.00 
371337.87 4548777.26 -5063.89 
371332.80 4548788.69 -5063.78 
371327.73 4548800.12 -5063.67 
371322.67 4548811.54 -5063.56 
371317.60 4548822.97 -5063.44 
371312.53 4548834.40 -5063.33 
371307.47 4548845.82 -5063.11 
371302.40 4548857.25 -5062.89 
371297.33 4548868.68 -5062.67 
371292.26 4548880.11 -5062.44 
371287.20 4548891.53 -5062.22 
371282.13 4548902.96 -5062.00 
371277.06 4548914.39 -5061.44 
371271.99 4548925.81 -5060.89 
371266.93 4548937.24 -5060.33 
371261.86 4548948.67 -5059.78 
371256.79 4548960.09 -5059.22 
371251.72 4548971.52 -5058.67 
371246.66 4548982.95 -5058.22 
371241.59 4548994.37 -5057.78 
371236.52 4549005.80 -5057.33 
371231.46 4549017.23 -5056.89 
371226.39 4549028.66 -5056.44 
371221.32 4549040.08 -5056.00 
371216.25 4549051.51 -5055.67 
371211.19 4549062.94 -5055.33 
371206.12 4549074.36 -5055.00 
371201.05 4549085.79 -5054.67 
371195.98 4549097.22 -5054.33 
371190.92 4549108.64 -5054.00 
371185.85 4549120.07 -5053.89 
371180.78 4549131.50 -5053.78 
371175.71 4549142.92 -5053.67 
371170.65 4549154.35 -5053.56 
371165.58 4549165.78 -5053.44 
371160.51 4549177.21 -5053.33 
371155.45 4549188.63 -5053.22 
371150.38 4549200.06 -5053.11 
371145.31 4549211.49 -5053.00 
371140.24 4549222.91 -5052.89 
371135.18 4549234.34 -5052.89 
371130.11 4549245.77 -5052.89 
371125.04 4549257.19 -5053.00 
371119.97 4549268.62 -5053.11 
371114.91 4549280.05 -5053.11 
371109.84 4549291.48 -5053.11 
371104.77 4549302.90 -5053.11 
371099.71 4549314.33 -5053.11 
371094.64 4549325.76 -5053.11 
371089.57 4549337.18 -5053.11 
371084.50 4549348.61 -5053.11 
371079.44 4549360.04 -5053.11 
371074.37 4549371.46 -5053.11 
371069.30 4549382.89 -5053.11 
371064.23 4549394.32 -5053.11 
371059.17 4549405.74 -5053.11 
371054.10 4549417.17 -5053.11 
371049.03 4549428.60 -5053.11 
371043.96 4549440.03 -5053.00 
371038.90 4549451.45 -5052.89 
371033.83 4549462.88 -5052.67 
371028.76 4549474.31 -5052.44 
371023.70 4549485.73 -5052.33 
371018.63 4549497.16 -5052.22 
371013.56 4549508.59 -5052.11 
371008.49 4549520.01 -5052.00 
371003.43 4549531.44 -5052.00 
370998.36 4549542.87 -5052.00 
370993.29 4549554.29 -5051.89 
370988.22 4549565.72 -5051.78 
370983.16 4549577.15 -5051.67 
370978.09 4549588.58 -5051.56 
370973.02 4549600.00 -5051.44 
370967.95 4549611.43 -5051.33 
370962.89 4549622.86 -5051.11 
370957.82 4549634.28 -5050.89 
370952.75 4549645.71 -5050.67 
370947.69 4549657.14 -5050.44 
370942.62 4549668.56 -5050.11 
370937.55 4549679.99 -5049.78 
370932.48 4549691.42 -5049.22 
370927.42 4549702.85 -5048.67 
370922.35 4549714.27 -5048.11 
370917.28 4549725.70 -5047.56 
370912.21 4549737.13 -5047.00 
370907.15 4549748.55 -5046.44 
370902.08 4549759.98 -5046.00 
370897.01 4549771.41 -5045.56 
370891.95 4549782.83 -5045.00 
370886.88 4549794.26 -5044.44 
370881.81 4549805.69 -5043.89 
370876.74 4549817.11 -5043.33 
370871.68 4549828.54 -5042.78 
370866.61 4549839.97 -5042.22 
370861.54 4549851.40 -5041.67 
370856.47 4549862.82 -5041.11 
370851.41 4549874.25 -5040.67 
370846.34 4549885.68 -5040.22 
370841.27 4549897.10 -5039.89 
370836.20 4549908.53 -5039.56 
370831.14 4549919.96 -5039.22 
370826.07 4549931.38 -5038.89 
370821.00 4549942.81 -5038.78 
370815.94 4549954.24 -5038.67 
370810.87 4549965.66 -5038.56 
370805.80 4549977.09 -5038.44 
370800.73 4549988.52 -5038.44 
370795.67 4549999.95 -5038.44 
370790.60 4550011.37 -5038.33 
370785.53 4550022.80 -5038.22 
370780.46 4550034.23 -5038.11 
370775.40 4550045.65 -5038.00 
370770.33 4550057.08 -5037.89 
370765.26 4550068.51 -5037.78 
370760.19 4550079.93 -5037.67 
370755.13 4550091.36 -5037.56 
370750.06 4550102.79 -5037.56 
370744.99 4550114.21 -5037.56 
370739.93 4550125.64 -5037.56 
370734.86 4550137.07 -5037.56 
370729.79 4550148.50 -5037.33 
370724.72 4550159.92 -5037.11 
370719.66 4550171.35 -5036.89 
370714.59 4550182.78 -5036.67 
370709.52 4550194.20 -5036.44 
370704.45 4550205.63 -5036.22 
370699.39 4550217.06 -5036.11 
370694.32 4550228.48 -5036.00 
370689.25 4550239.91 -5036.00 
370684.19 4550251.34 -5036.00 
370679.12 4550262.77 -5036.00 
370674.05 4550274.19 -5036.00 
370668.98 4550285.62 -5036.00 
370663.92 4550297.05 -5036.00 
370658.85 4550308.47 -5036.00 
370653.78 4550319.90 -5036.00 
370648.71 4550331.33 -5036.00 
370643.65 4550342.75 -5036.00 
370638.58 4550354.18 -5036.00 
370633.51 4550365.61 -5036.00 
370628.44 4550377.03 -5035.89 
370623.38 4550388.46 -5035.78 
370618.31 4550399.89 -5035.67 
370613.24 4550411.32 -5035.56 
370608.18 4550422.74 -5035.33 
370603.11 4550434.17 -5035.11 
370598.04 4550445.60 -5034.78 
370592.97 4550457.02 -5034.44 
370587.91 4550468.45 -5034.11 
370582.84 4550479.88 -5033.78 
370577.77 4550491.30 -5033.44 
370572.70 4550502.73 -5033.11 
370567.64 4550514.16 -5032.78 
370562.57 4550525.58 -5032.44 
370557.50 4550537.01 -5032.00 
370552.44 4550548.44 -5031.56 
370547.37 4550559.87 -5031.00 
370542.30 4550571.29 -5030.44 
370537.23 4550582.72 -5029.89 
370532.17 4550594.15 -5029.33 
370527.10 4550605.57 -5028.78 
370522.03 4550617.00 -5028.22 
370516.96 4550628.43 -5027.78 
370511.90 4550639.85 -5027.33 
370506.83 4550651.28 -5027.00 
370501.76 4550662.71 -5026.67 
370496.69 4550674.13 -5026.33 
370491.63 4550685.56 -5026.00 
370486.56 4550696.99 -5025.67 
370481.49 4550708.42 -5025.33 
370476.43 4550719.84 -5025.00 
370471.36 4550731.27 -5024.67 
370466.29 4550742.70 -5024.44 
370461.22 4550754.12 -5024.22 
370456.16 4550765.55 -5024.11 
370451.09 4550776.98 -5024.00 
370446.02 4550788.40 -5024.00 
370440.95 4550799.83 -5024.00 
370435.89 4550811.26 -5024.00 
370430.82 4550822.69 -5024.00 
370425.75 4550834.11 -5024.00 
370420.68 4550845.54 -5024.00 
370415.62 4550856.97 -5023.89 
370410.55 4550868.39 -5023.78 
370405.48 4550879.82 -5023.67 
370400.42 4550891.25 -5023.56 
370395.35 4550902.67 -5023.44 
370390.28 4550914.10 -5023.33 
370385.21 4550925.53 -5023.22 
370380.15 4550936.95 -5023.11 
370375.08 4550948.38 -5023.00 
370370.01 4550959.81 -5022.89 
370364.94 4550971.24 -5022.78 
370359.88 4550982.66 -5022.67 
370354.81 4550994.09 -5022.56 
370349.74 4551005.52 -5022.44 
370344.68 4551016.94 -5022.33 
370339.61 4551028.37 -5022.22 
370334.54 4551039.80 -5022.11 
370329.47 4551051.22 -5022.00 
370324.41 4551062.65 -5021.89 
370319.34 4551074.08 -5021.78 
370314.27 4551085.50 -5021.67 
370309.20 4551096.93 -5021.56 
370304.14 4551108.36 -5021.44 
370299.07 4551119.79 -5021.33 
370294.00 4551131.21 -5021.22 
370288.93 4551142.64 -5021.11 
370283.87 4551154.07 -5021.00 
370278.80 4551165.49 -5020.89 
370273.73 4551176.92 -5020.67 
370268.67 4551188.35 -5020.44 
370263.60 4551199.77 -5020.11 
370258.53 4551211.20 -5019.78 
370253.46 4551222.63 -5019.33 
370248.40 4551234.06 -5018.89 
370243.33 4551245.48 -5018.33 
370238.26 4551256.91 -5017.78 
370233.19 4551268.34 -5017.33 
370228.13 4551279.76 -5016.89 
370223.06 4551291.19 -5016.44 
370217.99 4551302.62 -5016.00 
370212.92 4551314.04 -5015.56 
370207.86 4551325.47 -5015.11 
370202.79 4551336.90 -5014.67 
370197.72 4551348.32 -5014.22 
370192.66 4551359.75 -5013.78 
370187.59 4551371.18 -5013.33 
370182.52 4551382.61 -5013.00 
370177.45 4551394.03 -5012.67 
370172.39 4551405.46 -5012.44 
370167.32 4551416.89 -5012.22 
370162.25 4551428.31 -5012.11 
370157.18 4551439.74 -5012.00 
370152.12 4551451.17 -5012.00 
370147.05 4551462.59 -5012.00 
370141.98 4551474.02 -5011.89 
370136.92 4551485.45 -5011.78 
370131.85 4551496.87 -5011.67 
370126.78 4551508.30 -5011.56 
370121.71 4551519.73 -5011.44 
370116.65 4551531.16 -5011.33 
370111.58 4551542.58 -5011.11 
370106.51 4551554.01 -5010.89 
370101.44 4551565.44 -5010.67 
370096.38 4551576.86 -5010.44 
370091.31 4551588.29 -5010.22 
370086.24 4551599.72 -5010.00 
370081.17 4551611.14 -5009.78 
370076.11 4551622.57 -5009.56 
370071.04 4551634.00 -5009.33 
370065.97 4551645.42 -5009.11 
370060.91 4551656.85 -5008.67 
370055.84 4551668.28 -5008.22 
370050.77 4551679.71 -5007.89 
370045.70 4551691.13 -5007.56 
370040.64 4551702.56 -5007.22 
370035.57 4551713.99 -5006.89 
370030.50 4551725.41 -5006.56 
370025.43 4551736.84 -5006.22 
370020.37 4551748.27 -5006.00 
370015.30 4551759.69 -5005.78 
370010.23 4551771.12 -5005.56 
370005.16 4551782.55 -5005.33 
370000.10 4551793.98 -5005.11 
369995.03 4551805.40 -5004.89 
369989.96 4551816.83 -5004.44 
369984.90 4551828.26 -5004.00 
369979.83 4551839.68 -5003.56 
369974.76 4551851.11 -5003.11 
369969.69 4551862.54 -5002.89 
369964.63 4551873.96 -5002.67 
369959.56 4551885.39 -5002.22 
369954.49 4551896.82 -5001.78 
369949.42 4551908.24 -5001.33 
369944.36 4551919.67 -5000.89 
369939.29 4551931.10 -5000.44 
369934.22 4551942.53 -5000.00 
369929.16 4551953.95 -4999.56 
369924.09 4551965.38 -4999.11 
369919.02 4551976.81 -4998.67 
369913.95 4551988.23 -4998.22 
369908.89 4551999.66 -4997.78 
369903.82 4552011.09 -4997.33 
369898.75 4552022.51 -4997.11 
369893.68 4552033.94 -4996.89 
369888.62 4552045.37 -4996.67 
369883.55 4552056.79 -4996.44 
369878.48 4552068.22 -4996.22 
369873.41 4552079.65 -4996.00 
369868.35 4552091.08 -4996.00 
369863.28 4552102.50 -4996.00 
369858.21 4552113.93 -4996.00 
369853.15 4552125.36 -4996.00 
369848.08 4552136.78 -4996.00 
369843.01 4552148.21 -4996.00 
369837.94 4552159.64 -4996.00 
369832.88 4552171.06 -4996.00 
369827.81 4552182.49 -4996.00 
369822.74 4552193.92 -4996.00 
369817.67 4552205.35 -4996.00 
369812.61 4552216.77 -4996.00 
369807.54 4552228.20 -4996.00 
369802.47 4552239.63 -4996.00 
369797.40 4552251.05 -4996.00 
369792.34 4552262.48 -4996.00 
369787.27 4552273.91 -4996.00 
369782.20 4552285.33 -4996.00 
369777.14 4552296.76 -4996.00 
369772.07 4552308.19 -4996.00 
369767.00 4552319.61 -4996.00 
369761.93 4552331.04 -4996.00 
369756.87 4552342.47 -4995.89 
369751.80 4552353.90 -4995.78 
369746.73 4552365.32 -4995.67 
369741.66 4552376.75 -4995.56 
369736.60 4552388.18 -4995.33 
369731.53 4552399.60 -4995.11 
369726.46 4552411.03 -4994.67 
369721.40 4552422.46 -4994.22 
369716.33 4552433.88 -4993.67 
369711.26 4552445.31 -4993.11 
369706.19 4552456.74 -4992.56 
369701.13 4552468.16 -4992.00 
369696.06 4552479.59 -4991.33 
369690.99 4552491.02 -4990.67 
369685.92 4552502.45 -4990.00 
369680.86 4552513.87 -4989.33 
369675.79 4552525.30 -4988.67 
369670.72 4552536.73 -4988.00 
369665.65 4552548.15 -4987.44 
369660.59 4552559.58 -4986.89 
369655.52 4552571.01 -4986.33 
369650.45 4552582.43 -4985.78 
369645.39 4552593.86 -4985.33 
369640.32 4552605.29 -4984.89 
369635.25 4552616.71 -4984.67 
369630.18 4552628.14 -4984.44 
369625.12 4552639.57 -4984.33 
369620.05 4552651.00 -4984.22 
369614.98 4552662.42 -4984.11 
369609.91 4552673.85 -4984.00 
369604.85 4552685.28 -4984.00 
369599.78 4552696.70 -4984.00 
369594.71 4552708.13 -4983.89 
369589.64 4552719.56 -4983.78 
369584.58 4552730.98 -4983.67 
369579.51 4552742.41 -4983.56 
369574.44 4552753.84 -4983.44 
369569.38 4552765.27 -4983.33 
369564.31 4552776.69 -4983.22 
369559.24 4552788.12 -4983.11 
369554.17 4552799.55 -4983.00 
369549.11 4552810.97 -4982.89 
369544.04 4552822.40 -4982.78 
369538.97 4552833.83 -4982.67 
369533.90 4552845.25 -4982.39 
369528.84 4552856.68 -4982.11 
369523.77 4552868.11 -4981.78 
369518.70 4552879.53 -4981.44 
369513.64 4552890.96 -4980.87 
369508.57 4552902.39 -4980.30 
369503.50 4552913.82 -4979.80 
369498.43 4552925.24 -4979.30 
369493.37 4552936.67 -4978.78 
369488.30 4552948.10 -4978.25 
369483.23 4552959.52 -4977.59 
369478.16 4552970.95 -4976.92 
369473.10 4552982.38 -4976.25 
369468.03 4552993.80 -4975.59 
369462.96 4553005.23 -4975.03 
369457.89 4553016.66 -4974.48 
369452.83 4553028.08 -4973.81 
369447.76 4553039.51 -4973.14 
369442.69 4553050.94 -4972.64 
369437.63 4553062.37 -4972.14 
369432.56 4553073.79 -4971.70 
369427.49 4553085.22 -4971.25 
369422.42 4553096.65 -4971.05 
369417.36 4553108.07 -4970.84 
369412.29 4553119.50 -4970.68 
369407.22 4553130.93 -4970.51 
369402.15 4553142.35 -4970.48 
369397.09 4553153.78 -4970.44 
369392.02 4553165.21 -4970.44 
369386.95 4553176.64 -4970.44 
369381.88 4553188.06 -4970.56 
369376.82 4553199.49 -4970.67 
369371.75 4553210.92 -4970.56 
369366.68 4553222.34 -4970.44 
369361.62 4553233.77 -4970.44 
369356.55 4553245.20 -4970.44 
369351.48 4553256.62 -4970.44 
369346.41 4553268.05 -4970.44 
369341.35 4553279.48 -4970.44 
369336.28 4553290.90 -4970.44 
369331.21 4553302.33 -4970.33 
369326.14 4553313.76 -4970.22 
369321.08 4553325.19 -4970.11 
369316.01 4553336.61 -4970.00 
369310.94 4553348.04 -4969.78 
369305.88 4553359.47 -4969.56 
369300.81 4553370.89 -4969.44 
369295.74 4553382.32 -4969.33 
369290.67 4553393.75 -4969.11 
369285.61 4553405.17 -4968.89 
369280.54 4553416.60 -4968.78 
369275.47 4553428.03 -4968.67 
369270.40 4553439.45 -4968.56 
369265.34 4553450.88 -4968.44 
369260.27 4553462.31 -4968.33 
369255.20 4553473.74 -4968.22 
369250.13 4553485.16 -4968.11 
369245.07 4553496.59 -4968.00 
369240.00 4553508.02 -4968.00 
369234.93 4553519.44 -4968.00 
369229.87 4553530.87 -4968.00 
369224.80 4553542.30 -4968.00 
369219.73 4553553.72 -4968.00 
369214.66 4553565.15 -4968.00 
369209.60 4553576.58 -4968.00 
369204.53 4553588.00 -4968.00 
369199.46 4553599.43 -4967.94 
369194.39 4553610.86 -4967.89 
369189.33 4553622.29 -4967.90 
369184.26 4553633.71 -4967.92 
369179.19 4553645.14 -4967.81 
369174.13 4553656.57 -4967.70 
369169.06 4553667.99 -4967.59 
369163.99 4553679.42 -4967.48 
369158.92 4553690.85 -4967.37 
369153.86 4553702.27 -4967.25 
369148.79 4553713.70 -4967.14 
369143.72 4553725.13 -4967.03 
369138.65 4553736.56 -4966.81 
369133.59 4553747.98 -4966.59 
369128.52 4553759.41 -4966.37 
369123.45 4553770.84 -4966.14 
369118.38 4553782.26 -4965.81 
369113.32 4553793.69 -4965.48 
369108.25 4553805.12 -4965.20 
369103.18 4553816.54 -4964.92 
369098.12 4553827.97 -4964.46 
369093.05 4553839.40 -4964.00 
369087.98 4553850.82 -4963.56 
369082.91 4553862.25 -4963.11 
369077.85 4553873.68 -4962.67 
369072.78 4553885.11 -4962.22 
369067.71 4553896.53 -4961.67 
369062.64 4553907.96 -4961.11 
369057.58 4553919.39 -4960.56 
369052.51 4553930.81 -4960.00 
369047.44 4553942.24 -4959.56 
369042.37 4553953.67 -4959.11 
369037.31 4553965.09 -4958.67 
369032.24 4553976.52 -4958.22 
369027.17 4553987.95 -4957.89 
369022.11 4553999.37 -4957.56 
369017.04 4554010.80 -4957.22 
369011.97 4554022.23 -4956.89 
369006.90 4554033.66 -4956.67 
369001.84 4554045.08 -4956.44 
368996.77 4554056.51 -4956.33 
368991.70 4554067.94 -4956.22 
368986.63 4554079.36 -4956.11 
368981.57 4554090.79 -4956.00 
368976.50 4554102.22 -4956.00 
368971.43 4554113.64 -4956.00 
368966.37 4554125.07 -4956.00 
368961.30 4554136.50 -4956.00 
368956.23 4554147.93 -4956.00 
368951.16 4554159.35 -4956.00 
368946.10 4554170.78 -4956.00 
368941.03 4554182.21 -4956.00 
368935.96 4554193.63 -4956.00 
368930.89 4554205.06 -4956.00 
368925.83 4554216.49 -4955.89 
368920.76 4554227.91 -4955.78 
368915.69 4554239.34 -4955.67 
368910.62 4554250.77 -4955.56 
368905.56 4554262.19 -4955.33 
368900.49 4554273.62 -4955.11 
368895.42 4554285.05 -4954.89 
368890.36 4554296.48 -4954.67 
368885.29 4554307.90 -4954.33 
368880.22 4554319.33 -4954.00 
368875.15 4554330.76 -4953.44 
368870.09 4554342.18 -4952.89 
368865.02 4554353.61 -4952.22 
368859.95 4554365.04 -4951.56 
368854.88 4554376.46 -4950.89 
368849.82 4554387.89 -4950.22 
368844.75 4554399.32 -4949.56 
368839.68 4554410.74 -4948.89 
368834.61 4554422.17 -4948.33 
368829.55 4554433.60 -4947.78 
368824.48 4554445.03 -4947.22 
368819.41 4554456.45 -4946.67 
368814.35 4554467.88 -4946.11 
368809.28 4554479.31 -4945.56 
368804.21 4554490.73 -4945.00 
368799.14 4554502.16 -4944.44 
368794.08 4554513.59 -4944.00 
368789.01 4554525.01 -4943.56 
368783.94 4554536.44 -4943.22 
368778.87 4554547.87 -4942.89 
368773.81 4554559.29 -4942.63 
368768.74 4554570.72 -4942.37 
368763.67 4554582.15 -4942.04 
368758.61 4554593.58 -4941.70 
368753.54 4554605.00 -4941.11 
368748.47 4554616.43 -4940.52 
368743.40 4554627.86 -4939.81 
368738.34 4554639.28 -4939.11 
368733.27 4554650.71 -4938.44 
368728.20 4554662.14 -4937.77 
368723.13 4554673.56 -4937.11 
368718.07 4554684.99 -4936.44 
368713.00 4554696.42 -4935.77 
368707.93 4554707.85 -4935.11 
368702.86 4554719.27 -4934.33 
368697.80 4554730.70 -4933.55 
368692.73 4554742.13 -4932.89 
368687.66 4554753.55 -4932.22 
368682.60 4554764.98 -4931.59 
368677.53 4554776.41 -4930.96 
368672.46 4554787.83 -4930.40 
368667.39 4554799.26 -4929.85 
368662.33 4554810.69 -4929.55 
368657.26 4554822.11 -4929.26 
368652.19 4554833.54 -4929.07 
368647.12 4554844.97 -4928.89 
368642.06 4554856.40 -4928.67 
368636.99 4554867.82 -4928.44 
368631.92 4554879.25 -4928.33 
368626.85 4554890.68 -4928.22 
368621.79 4554902.10 -4928.11 
368616.72 4554913.53 -4928.00 
368611.65 4554924.96 -4927.89 
368606.59 4554936.38 -4927.78 
368601.52 4554947.81 -4927.67 
368596.45 4554959.24 -4927.56 
368591.38 4554970.66 -4927.33 
368586.32 4554982.09 -4927.11 
368581.25 4554993.52 -4926.56 
368576.18 4555004.95 -4926.00 
368571.11 4555016.37 -4925.44 
368566.05 4555027.80 -4924.89 
368560.98 4555039.23 -4924.22 
368555.91 4555050.65 -4923.56 
368550.85 4555062.08 -4922.89 
368545.78 4555073.51 -4922.22 
368540.71 4555084.93 -4921.56 
368535.64 4555096.36 -4920.89 
368530.58 4555107.79 -4920.11 
368525.51 4555119.22 -4919.33 
368520.44 4555130.64 -4918.67 
368515.37 4555142.07 -4918.00 
368510.31 4555153.50 -4917.33 
368505.24 4555164.92 -4916.67 
368500.17 4555176.35 -4916.11 
368495.10 4555187.78 -4915.56 
368490.04 4555199.20 -4915.33 
368484.97 4555210.63 -4915.11 
368479.90 4555222.06 -4914.89 
368474.84 4555233.48 -4914.67 
368469.77 4555244.91 -4914.56 
368464.70 4555256.34 -4914.44 
368459.63 4555267.77 -4914.34 
368454.57 4555279.19 -4914.24 
368449.50 4555290.62 -4914.14 
368444.43 4555302.05 -4914.05 
368439.36 4555313.47 -4914.09 
368434.30 4555324.90 -4914.13 
368429.23 4555336.33 -4914.17 
368424.16 4555347.75 -4914.21 
368419.09 4555359.18 -4914.24 
368414.03 4555370.61 -4914.27 
368408.96 4555382.03 -4914.29 
368403.89 4555393.46 -4914.32 
368398.83 4555404.89 -4914.34 
368393.76 4555416.32 -4914.37 
368388.69 4555427.74 -4914.38 
368383.62 4555439.17 -4914.39 
368378.56 4555450.60 -4914.37 
368373.49 4555462.02 -4914.34 
368368.42 4555473.45 -4914.22 
368363.35 4555484.88 -4914.09 
368358.29 4555496.30 -4913.96 
368353.22 4555507.73 -4913.82 
368348.15 4555519.16 -4913.57 
368343.09 4555530.58 -4913.33 
368338.02 4555542.01 -4913.04 
368332.95 4555553.44 -4912.75 
368327.88 4555564.87 -4912.40 
368322.82 4555576.29 -4912.04 
368317.75 4555587.72 -4911.56 
368312.68 4555599.15 -4911.07 
368307.61 4555610.57 -4910.87 
368302.55 4555622.00 -4910.67 
368297.48 4555633.43 -4910.66 
368292.41 4555644.85 -4910.65 
368287.34 4555656.28 -4910.67 
368282.28 4555667.71 -4910.69 
368277.21 4555679.14 -4910.81 
368272.14 4555690.56 -4910.93 
368267.08 4555701.99 -4911.04 
368262.01 4555713.42 -4911.16 
368256.94 4555724.84 -4911.37 
368251.87 4555736.27 -4911.57 
368246.81 4555747.70 -4911.82 
368241.74 4555759.12 -4912.07 
368236.67 4555770.55 -4912.39 
368231.60 4555781.98 -4912.72 
368226.54 4555793.40 -4913.18 
368221.47 4555804.83 -4913.65 
368216.40 4555816.26 -4913.82 
368211.33 4555827.69 -4914.00 
368206.27 4555839.11 -4914.11 
368201.20 4555850.54 -4914.22 
368196.13 4555861.97 -4914.22 
368191.07 4555873.39 -4914.22 
368186.00 4555884.82 -4914.22 
368180.93 4555896.25 -4914.22 
368175.86 4555907.67 -4914.22 
368170.80 4555919.10 -4914.22 
368165.73 4555930.53 -4914.22 
368160.66 4555941.95 -4914.22 
368155.59 4555953.38 -4914.11 
368150.53 4555964.81 -4914.00 
368145.46 4555976.24 -4913.89 
368140.39 4555987.66 -4913.78 
368135.33 4555999.09 -4913.67 
368130.26 4556010.52 -4913.56 
368125.19 4556021.94 -4913.44 
368120.12 4556033.37 -4913.33 
368115.06 4556044.80 -4913.11 
368109.99 4556056.22 -4912.89 
368104.92 4556067.65 -4912.44 
368099.85 4556079.08 -4912.00 
368094.79 4556090.51 -4911.44 
368089.72 4556101.93 -4910.89 
368084.65 4556113.36 -4910.33 
368079.58 4556124.79 -4909.78 
368074.52 4556136.21 -4909.22 
368069.45 4556147.64 -4908.67 
368064.38 4556159.07 -4908.22 
368059.32 4556170.49 -4907.78 
368054.25 4556181.92 -4907.33 
368049.18 4556193.35 -4906.89 
368044.11 4556204.77 -4906.44 
368039.05 4556216.20 -4906.00 
368033.98 4556227.63 -4905.33 
368028.91 4556239.06 -4904.67 
368023.84 4556250.48 -4904.00 
368018.78 4556261.91 -4903.33 
368013.71 4556273.34 -4903.00 
368008.64 4556284.76 -4902.67 
368003.58 4556296.19 -4902.44 
367998.51 4556307.62 -4902.22 
367993.44 4556319.04 -4901.78 
367988.37 4556330.47 -4901.33 
367983.31 4556341.90 -4900.67 
367978.24 4556353.32 -4900.00 
367973.17 4556364.75 -4899.22 
367968.10 4556376.18 -4898.44 
367963.04 4556387.61 -4897.56 
367957.97 4556399.03 -4896.67 
367952.90 4556410.46 -4895.78 
367947.83 4556421.89 -4894.89 
367942.77 4556433.31 -4894.22 
367937.70 4556444.74 -4893.56 
367932.63 4556456.17 -4893.00 
367927.57 4556467.59 -4892.44 
367922.50 4556479.02 -4891.87 
367917.43 4556490.45 -4891.30 
367912.36 4556501.87 -4890.70 
367907.30 4556513.30 -4890.11 
367902.23 4556524.73 -4889.77 
367897.16 4556536.16 -4889.43 
367892.09 4556547.58 -4889.31 
367887.03 4556559.01 -4889.20 
367881.96 4556570.44 -4889.20 
367876.89 4556581.86 -4889.20 
367871.82 4556593.29 -4889.31 
367866.76 4556604.72 -4889.43 
367861.69 4556616.14 -4889.54 
367856.62 4556627.57 -4889.65 
367851.56 4556639.00 -4889.76 
367846.49 4556650.43 -4889.87 
367841.42 4556661.85 -4889.87 
367836.35 4556673.28 -4889.87 
367831.29 4556684.71 -4889.85 
367826.22 4556696.13 -4889.83 
367821.15 4556707.56 -4889.79 
367816.08 4556718.99 -4889.75 
367811.02 4556730.41 -4889.68 
367805.95 4556741.84 -4889.60 
367800.88 4556753.27 -4889.43 
367795.82 4556764.69 -4889.26 
367790.75 4556776.12 -4889.09 
367785.68 4556787.55 -4888.92 
367780.61 4556798.98 -4888.73 
367775.55 4556810.40 -4888.54 
367770.48 4556821.83 -4888.34 
367765.41 4556833.26 -4888.14 
367760.34 4556844.68 -4887.95 
367755.28 4556856.11 -4887.77 
367750.21 4556867.54 -4887.54 
367745.14 4556878.96 -4887.32 
367740.07 4556890.39 -4887.14 
367735.01 4556901.82 -4886.95 
367729.94 4556913.24 -4886.81 
367724.87 4556924.67 -4886.66 
367719.81 4556936.10 -4886.52 
367714.74 4556947.53 -4886.38 
367709.67 4556958.95 -4886.34 
367704.60 4556970.38 -4886.29 
367699.54 4556981.81 -4886.35 
367694.47 4556993.23 -4886.41 
367689.40 4557004.66 -4886.48 
367684.33 4557016.09 -4886.56 
367679.27 4557027.51 -4886.65 
367674.20 4557038.94 -4886.73 
367669.13 4557050.37 -4886.81 
367664.06 4557061.79 -4886.89 
367659.00 4557073.22 -4887.00 
367653.93 4557084.65 -4887.11 
367648.86 4557096.08 -4887.22 
367643.80 4557107.50 -4887.33 
367638.73 4557118.93 -4887.33 
367633.66 4557130.36 -4887.33 
367628.59 4557141.78 -4887.33 
367623.53 4557153.21 -4887.33 
367618.46 4557164.64 -4887.33 
367613.39 4557176.06 -4887.33 
367608.32 4557187.49 -4887.16 
367603.26 4557198.92 -4886.98 
367598.19 4557210.35 -4886.68 
367593.12 4557221.77 -4886.39 
367588.06 4557233.20 -4885.83 
367582.99 4557244.63 -4885.27 
367577.92 4557256.05 -4884.68 
367572.85 4557267.48 -4884.09 
367567.79 4557278.91 -4883.49 
367562.72 4557290.33 -4882.88 
367557.65 4557301.76 -4882.26 
367552.58 4557313.19 -4881.64 
367547.52 4557324.61 -4881.11 
367542.45 4557336.04 -4880.58 
367537.38 4557347.47 -4880.03 
367532.31 4557358.90 -4879.49 
367527.25 4557370.32 -4878.88 
367522.18 4557381.75 -4878.27 
367517.11 4557393.18 -4877.67 
367512.05 4557404.60 -4877.06 
367506.98 4557416.03 -4876.58 
367501.91 4557427.46 -4876.10 
367496.84 4557438.88 -4875.88 
367491.78 4557450.31 -4875.66 
367486.71 4557461.74 -4875.47 
367481.64 4557473.16 -4875.29 
367476.57 4557484.59 -4875.11 
367471.51 4557496.02 -4874.94 
367466.44 4557507.45 -4874.77 
367461.37 4557518.87 -4874.59 
367456.30 4557530.30 -4874.38 
367451.24 4557541.73 -4874.17 
367446.17 4557553.15 -4873.89 
367441.10 4557564.58 -4873.61 
367436.04 4557576.01 -4873.17 
367430.97 4557587.43 -4872.74 
367425.90 4557598.86 -4872.19 
367420.83 4557610.29 -4871.64 
367415.77 4557621.72 -4870.97 
367410.70 4557633.14 -4870.30 
367405.63 4557644.57 -4869.64 
367400.56 4557656.00 -4868.97 
367395.50 4557667.42 -4868.30 
367390.43 4557678.85 -4867.64 
367385.36 4557690.28 -4866.97 
367380.30 4557701.70 -4866.30 
367375.23 4557713.13 -4865.65 
367370.16 4557724.56 -4865.00 
367365.09 4557735.98 -4864.41 
367360.03 4557747.41 -4863.82 
367354.96 4557758.84 -4863.31 
367349.89 4557770.27 -4862.81 
367344.82 4557781.69 -4862.52 
367339.76 4557793.12 -4862.24 
367334.69 4557804.55 -4862.12 
367329.62 4557815.97 -4862.00 
367324.55 4557827.40 -4862.00 
367319.49 4557838.83 -4862.00 
367314.42 4557850.25 -4861.78 
367309.35 4557861.68 -4861.56 
367304.29 4557873.11 -4861.33 
367299.22 4557884.53 -4861.11 
367294.15 4557895.96 -4860.91 
367289.08 4557907.39 -4860.71 
367284.02 4557918.82 -4860.51 
367278.95 4557930.24 -4860.32 
367273.88 4557941.67 -4859.79 
367268.81 4557953.10 -4859.27 
367263.75 4557964.52 -4858.67 
367258.68 4557975.95 -4858.08 
367253.61 4557987.38 -4857.40 
367248.54 4557998.80 -4856.71 
367243.48 4558010.23 -4856.04 
367238.41 4558021.66 -4855.38 
367233.34 4558033.08 -4854.71 
367228.28 4558044.51 -4854.04 
367223.21 4558055.94 -4853.60 
367218.14 4558067.37 -4853.15 
367213.07 4558078.79 -4852.71 
367208.01 4558090.22 -4852.27 
367202.94 4558101.65 -4851.69 
367197.87 4558113.07 -4851.11 
367192.80 4558124.50 -4850.53 
367187.74 4558135.93 -4849.95 
367182.67 4558147.35 -4849.69 
367177.60 4558158.78 -4849.44 
367172.54 4558170.21 -4849.26 
367167.47 4558181.64 -4849.07 
367162.40 4558193.06 -4848.98 
367157.33 4558204.49 -4848.89 
367152.27 4558215.92 -4848.67 
367147.20 4558227.34 -4848.44 
367142.13 4558238.77 -4848.22 
367137.06 4558250.20 -4848.00 
367132.00 4558261.62 -4847.78 
367126.93 4558273.05 -4847.56 
367121.86 4558284.48 -4847.37 
367116.79 4558295.90 -4847.18 
367111.73 4558307.33 -4847.07 
367106.66 4558318.76 -4846.96 
367101.59 4558330.19 -4846.84 
367096.53 4558341.61 -4846.73 
367091.46 4558353.04 -4846.62 
367086.39 4558364.47 -4846.51 
367081.32 4558375.89 -4846.40 
367076.26 4558387.32 -4846.29 
367071.19 4558398.75 -4846.18 
367066.12 4558410.17 -4846.07 
367061.05 4558421.60 -4846.07 
367055.99 4558433.03 -4846.07 
367050.92 4558444.45 -4846.18 
367045.85 4558455.88 -4846.29 
367040.78 4558467.31 -4846.40 
367035.72 4558478.74 -4846.51 
367030.65 4558490.16 -4846.59 
367025.58 4558501.59 -4846.67 
367020.52 4558513.02 -4846.78 
367015.45 4558524.44 -4846.89 
367010.38 4558535.87 -4847.00 
367005.31 4558547.30 -4847.11 
367000.25 4558558.72 -4847.22 
366995.18 4558570.15 -4847.33 
366990.11 4558581.58 -4847.56 
366985.04 4558593.01 -4847.78 
366979.98 4558604.43 -4848.00 
366974.91 4558615.86 -4848.22 
366969.84 4558627.29 -4848.44 
366964.78 4558638.71 -4848.67 
366959.71 4558650.14 -4848.78 
366954.64 4558661.57 -4848.89 
366949.57 4558672.99 -4849.00 
366944.51 4558684.42 -4849.11 
366939.44 4558695.85 -4849.22 
366934.37 4558707.27 -4849.33 
366929.30 4558718.70 -4849.56 
366924.24 4558730.13 -4849.78 
366919.17 4558741.56 -4849.89 
366914.10 4558752.98 -4850.00 
366909.03 4558764.41 -4850.22 
366903.97 4558775.84 -4850.44 
366898.90 4558787.26 -4850.56 
366893.83 4558798.69 -4850.67 
366888.77 4558810.12 -4850.56 
366883.70 4558821.54 -4850.44 
366878.63 4558832.97 -4850.33 
366873.56 4558844.40 -4850.22 
366868.50 4558855.82 -4850.11 
366863.43 4558867.25 -4850.00 
366858.36 4558878.68 -4849.89 
366853.29 4558890.11 -4849.78 
366848.23 4558901.53 -4849.67 
366843.16 4558912.96 -4849.56 
366838.09 4558924.39 -4849.33 
366833.03 4558935.81 -4849.11 
366827.96 4558947.24 -4849.00 
366822.89 4558958.67 -4848.89 
366817.82 4558970.09 -4848.67 
366812.76 4558981.52 -4848.44 
366807.69 4558992.95 -4848.22 
366802.62 4559004.37 -4848.00 
366797.55 4559015.80 -4848.00 
366792.49 4559027.23 -4848.00 
366787.42 4559038.66 -4848.00 
366782.35 4559050.08 -4848.00 
366777.28 4559061.51 -4848.00 
366772.22 4559072.94 -4848.00 
366767.15 4559084.36 -4847.89 
366762.08 4559095.79 -4847.78 
366757.02 4559107.22 -4847.67 
366751.95 4559118.64 -4847.56 
366746.88 4559130.07 -4847.44 
366741.81 4559141.50 -4847.33 
366736.75 4559152.93 -4847.22 
366731.68 4559164.35 -4847.11 
366726.61 4559175.78 -4847.00 
366721.54 4559187.21 -4846.89 
366716.48 4559198.63 -4846.78 
366711.41 4559210.06 -4846.67 
366706.34 4559221.49 -4846.56 
366701.27 4559232.91 -4846.44 
366696.21 4559244.34 -4846.33 
366691.14 4559255.77 -4846.22 
366686.07 4559267.19 -4846.11 
366681.01 4559278.62 -4846.00 
366675.94 4559290.05 -4846.00 
366670.87 4559301.48 -4846.00 
366665.80 4559312.90 -4846.00 
366660.74 4559324.33 -4846.00 
366655.67 4559335.76 -4846.00 
366650.60 4559347.18 -4846.00 
366645.53 4559358.61 -4845.80 
366640.47 4559370.04 -4845.60 
366635.40 4559381.46 -4845.15 
366630.33 4559392.89 -4844.69 
366625.27 4559404.32 -4844.25 
366620.20 4559415.74 -4843.80 
366615.13 4559427.17 -4843.36 
366610.06 4559438.60 -4842.91 
366605.00 4559450.03 -4842.47 
366599.93 4559461.45 -4842.02 
366594.86 4559472.88 -4841.58 
366589.79 4559484.31 -4841.14 
366584.73 4559495.73 -4840.69 
366579.66 4559507.16 -4840.25 
366574.59 4559518.59 -4839.69 
366569.52 4559530.01 -4839.14 
366564.46 4559541.44 -4838.58 
366559.39 4559552.87 -4838.02 
366554.32 4559564.30 -4837.67 
366549.26 4559575.72 -4837.31 
366544.19 4559587.15 -4837.21 
366539.12 4559598.58 -4837.11 
366534.05 4559610.00 -4837.00 
366528.99 4559621.43 -4836.89 
366523.92 4559632.86 -4836.78 
366518.85 4559644.28 -4836.67 
366513.78 4559655.71 -4836.44 
366508.72 4559667.14 -4836.22 
366503.65 4559678.56 -4835.89 
366498.58 4559689.99 -4835.56 
366493.51 4559701.42 -4835.22 
366488.45 4559712.85 -4834.89 
366483.38 4559724.27 -4834.78 
366478.31 4559735.70 -4834.67 
366473.25 4559747.13 -4834.44 
366468.18 4559758.55 -4834.22 
366463.11 4559769.98 -4834.11 
366458.04 4559781.41 -4834.00 
366452.98 4559792.83 -4833.78 
366447.91 4559804.26 -4833.56 
366442.84 4559815.69 -4833.33 
366437.77 4559827.11 -4833.11 
366432.71 4559838.54 -4832.87 
366427.64 4559849.97 -4832.62 
366422.57 4559861.40 -4832.51 
366417.51 4559872.82 -4832.40 
366412.44 4559884.25 -4832.33 
366407.37 4559895.68 -4832.26 
366402.30 4559907.10 -4832.21 
366397.24 4559918.53 -4832.16 
366392.17 4559929.96 -4831.94 
366387.10 4559941.38 -4831.72 
366382.03 4559952.81 -4831.83 
366376.97 4559964.24 -4831.94 
366371.90 4559975.66 -4831.83 
366366.83 4559987.09 -4831.72 
366361.76 4559998.52 -4831.72 
366356.70 4560009.95 -4831.72 
366351.63 4560021.37 -4831.72 
366346.56 4560032.80 -4831.72 
366341.50 4560044.23 -4831.74 
366336.43 4560055.65 -4831.76 
366331.36 4560067.08 -4831.76 
366326.29 4560078.51 -4831.76 
366321.23 4560089.93 -4831.83 
366316.16 4560101.36 -4831.90 
366311.09 4560112.79 -4831.95 
366306.02 4560124.22 -4832.00 
366300.96 4560135.64 -4832.11 
366295.89 4560147.07 -4832.22 
366290.82 4560158.50 -4832.11 
366285.75 4560169.92 -4832.00 
366280.69 4560181.35 -4832.00 
366275.62 4560192.78 -4832.00 
366270.55 4560204.20 -4832.00 
366265.49 4560215.63 -4832.00 
366260.42 4560227.06 -4831.89 
366255.35 4560238.48 -4831.78 
366250.28 4560249.91 -4831.59 
366245.22 4560261.34 -4831.41 
366240.15 4560272.77 -4830.88 
366235.08 4560284.19 -4830.35 
366230.01 4560295.62 -4829.79 
366224.95 4560307.05 -4829.24 
366219.88 4560318.47 -4828.68 
366214.81 4560329.90 -4828.13 
366209.75 4560341.33 -4827.57 
366204.68 4560352.75 -4827.02 
366199.61 4560364.18 -4826.46 
366194.54 4560375.61 -4825.90 
366189.48 4560387.03 -4825.35 
366184.41 4560398.46 -4824.79 
366179.34 4560409.89 -4824.35 
366174.27 4560421.32 -4823.90 
366169.21 4560432.74 -4823.68 
366164.14 4560444.17 -4823.46 
366159.07 4560455.60 -4823.42 
366154.00 4560467.02 -4823.39 
366148.94 4560478.45 -4823.58 
366143.87 4560489.88 -4823.78 
366138.80 4560501.30 -4824.00 
366133.74 4560512.73 -4824.22 
366128.67 4560524.16 -4824.54 
366123.60 4560535.59 -4824.86 
366118.53 4560547.01 -4825.43 
366113.47 4560558.44 -4826.00 
366108.40 4560569.87 -4826.33 
366103.33 4560581.29 -4826.67 
366098.26 4560592.72 -4826.33 
366093.20 4560604.15 -4826.00 
366088.13 4560615.57 -4825.67 
366083.06 4560627.00 -4825.33 
366077.99 4560638.43 -4824.67 
366072.93 4560649.85 -4824.00 
366067.86 4560661.28 -4823.43 
366062.79 4560672.71 -4822.86 
366057.73 4560684.14 -4822.54 
366052.66 4560695.56 -4822.22 
366047.59 4560706.99 -4821.78 
366042.52 4560718.42 -4821.33 
366037.46 4560729.84 -4820.89 
366032.39 4560741.27 -4820.44 
366027.32 4560752.70 -4820.11 
366022.25 4560764.12 -4819.78 
366017.19 4560775.55 -4819.44 
366012.12 4560786.98 -4819.11 
366007.05 4560798.40 -4819.00 
366001.99 4560809.83 -4818.90 
365996.92 4560821.26 -4818.80 
365991.85 4560832.69 -4818.71 
365986.78 4560844.11 -4818.60 
365981.72 4560855.54 -4818.50 
365976.65 4560866.97 -4818.40 
365971.58 4560878.39 -4818.30 
365966.51 4560889.82 -4818.22 
365961.45 4560901.25 -4818.13 
365956.38 4560912.67 -4818.13 
365951.31 4560924.10 -4818.13 
365946.24 4560935.53 -4818.13 
365941.18 4560946.95 -4818.13 
365936.11 4560958.38 -4818.24 
365931.04 4560969.81 -4818.35 
365925.98 4560981.24 -4818.46 
365920.91 4560992.66 -4818.57 
365915.84 4561004.09 -4818.57 
365910.77 4561015.52 -4818.56 
365905.71 4561026.94 -4818.55 
365900.64 4561038.37 -4818.54 
365895.57 4561049.80 -4818.52 
365890.50 4561061.22 -4818.51 
365885.44 4561072.65 -4818.50 
365880.37 4561084.08 -4818.50 
365875.30 4561095.51 -4818.47 
365870.23 4561106.93 -4818.44 
365865.17 4561118.36 -4818.44 
365860.10 4561129.79 -4818.44 
365855.03 4561141.21 -4818.44 
365849.97 4561152.64 -4818.44 
365844.90 4561164.07 -4818.33 
365839.83 4561175.49 -4818.22 
365834.76 4561186.92 -4818.11 
365829.70 4561198.35 -4818.00 
365824.63 4561209.77 -4818.01 
365819.56 4561221.20 -4818.03 
365814.49 4561232.63 -4818.03 
365809.43 4561244.06 -4818.03 
365804.36 4561255.48 -4818.03 
365799.29 4561266.91 -4818.03 
365794.23 4561278.34 -4818.03 
365789.16 4561289.76 -4818.03 
365784.09 4561301.19 -4818.03 
365779.02 4561312.62 -4818.03 
365773.96 4561324.04 -4818.03 
365768.89 4561335.47 -4818.03 
365763.82 4561346.90 -4818.03 
365758.75 4561358.32 -4818.03 
365753.69 4561369.75 -4818.14 
365748.62 4561381.18 -4818.25 
365743.55 4561392.61 -4818.36 
365738.48 4561404.03 -4818.47 
365733.42 4561415.46 -4818.57 
365728.35 4561426.89 -4818.67 
365723.28 4561438.31 -4818.67 
365718.22 4561449.74 -4818.67 
365713.15 4561461.17 -4818.56 
365708.08 4561472.59 -4818.44 
365703.01 4561484.02 -4818.00 
365697.95 4561495.45 -4817.56 
365692.88 4561506.88 -4817.11 
365687.81 4561518.30 -4816.67 
365682.74 4561529.73 -4816.22 
365677.68 4561541.16 -4815.78 
365672.61 4561552.58 -4815.22 
365667.54 4561564.01 -4814.67 
365662.47 4561575.44 -4814.00 
365657.41 4561586.86 -4813.33 
365652.34 4561598.29 -4812.67 
365647.27 4561609.72 -4812.00 
365642.21 4561621.14 -4811.33 
365637.14 4561632.57 -4810.67 
365632.07 4561644.00 -4810.11 
365627.00 4561655.43 -4809.56 
365621.94 4561666.85 -4809.11 
365616.87 4561678.28 -4808.67 
365611.80 4561689.71 -4808.56 
365606.73 4561701.13 -4808.44 
365601.67 4561712.56 -4808.33 
365596.60 4561723.99 -4808.22 
365591.53 4561735.41 -4808.11 
365586.47 4561746.84 -4808.00 
365581.40 4561758.27 -4808.00 
365576.33 4561769.69 -4808.00 
365571.26 4561781.12 -4808.00 
365566.20 4561792.55 -4808.00 
365561.13 4561803.98 -4808.00 
365556.06 4561815.40 -4808.00 
365550.99 4561826.83 -4808.00 
365545.93 4561838.26 -4808.00 
365540.86 4561849.68 -4807.89 
365535.79 4561861.11 -4807.78 
365530.72 4561872.54 -4807.67 
365525.66 4561883.96 -4807.56 
365520.59 4561895.39 -4807.44 
365515.52 4561906.82 -4807.33 
365510.46 4561918.24 -4807.11 
365505.39 4561929.67 -4806.89 
365500.32 4561941.10 -4806.67 
365495.25 4561952.53 -4806.44 
365490.19 4561963.95 -4806.00 
365485.12 4561975.38 -4805.56 
365480.05 4561986.81 -4805.00 
365474.98 4561998.23 -4804.44 
365469.92 4562009.66 -4803.78 
365464.85 4562021.09 -4803.11 
365459.78 4562032.51 -4802.44 
365454.72 4562043.94 -4801.78 
365449.65 4562055.37 -4801.22 
365444.58 4562066.80 -4800.67 
365439.51 4562078.22 -4800.11 
365434.45 4562089.65 -4799.56 
365429.38 4562101.08 -4799.00 
365424.31 4562112.50 -4798.44 
365419.24 4562123.93 -4798.00 
365414.18 4562135.36 -4797.56 
365409.11 4562146.78 -4797.11 
365404.04 4562158.21 -4796.67 
365398.97 4562169.64 -4796.44 
365393.91 4562181.06 -4796.22 
365388.84 4562192.49 -4796.11 
365383.77 4562203.92 -4796.00 
365378.71 4562215.35 -4796.00 
365373.64 4562226.77 -4796.00 
365368.57 4562238.20 -4796.00 
365363.50 4562249.63 -4796.00 
365358.44 4562261.05 -4796.00 
365353.37 4562272.48 -4796.00 
365348.30 4562283.91 -4796.00 
365343.23 4562295.33 -4796.00 
365338.17 4562306.76 -4796.00 
365333.10 4562318.19 -4796.00 
365328.03 4562329.61 -4796.00 
365322.96 4562341.04 -4796.00 
365317.90 4562352.47 -4796.00 
365312.83 4562363.90 -4796.00 
365307.76 4562375.32 -4796.00 
365302.70 4562386.75 -4796.00 
365297.63 4562398.18 -4796.00 
365292.56 4562409.60 -4796.00 
365287.49 4562421.03 -4795.89 
365282.43 4562432.46 -4795.78 
365277.36 4562443.88 -4795.67 
365272.29 4562455.31 -4795.56 
365267.22 4562466.74 -4795.44 
365262.16 4562478.17 -4795.33 
365257.09 4562489.59 -4795.22 
365252.02 4562501.02 -4795.11 
365246.96 4562512.45 -4795.00 
365241.89 4562523.87 -4794.89 
365236.82 4562535.30 -4794.67 
365231.75 4562546.73 -4794.44 
365226.69 4562558.15 -4794.22 
365221.62 4562569.58 -4794.00 
365216.55 4562581.01 -4793.78 
365211.48 4562592.43 -4793.56 
365206.42 4562603.86 -4793.44 
365201.35 4562615.29 -4793.33 
365196.28 4562626.72 -4793.33 
365191.21 4562638.14 -4793.33 
365186.15 4562649.57 -4793.22 
365181.08 4562661.00 -4793.11 
365176.01 4562672.42 -4793.00 
365170.95 4562683.85 -4792.89 
365165.88 4562695.28 -4792.78 
365160.81 4562706.70 -4792.67 
365155.74 4562718.13 -4792.56 
365150.68 4562729.56 -4792.44 
365145.61 4562740.98 -4792.44 
365140.54 4562752.41 -4792.44 
365135.47 4562763.84 -4792.44 
365130.41 4562775.27 -4792.44 
365125.34 4562786.69 -4792.44 
365120.27 4562798.12 -4792.44 
365115.20 4562809.55 -4792.33 
365110.14 4562820.97 -4792.22 
365105.07 4562832.40 -4792.11 
365100.00 4562843.83 -4792.00 
365094.94 4562855.25 -4792.00 
365089.87 4562866.68 -4792.00 
365084.80 4562878.11 -4791.78 
365079.73 4562889.53 -4791.56 
365074.67 4562900.96 -4791.22 
365069.60 4562912.39 -4790.89 
365064.53 4562923.82 -4790.44 
365059.46 4562935.24 -4790.00 
365054.40 4562946.67 -4789.44 
365049.33 4562958.10 -4788.89 
365044.26 4562969.52 -4788.22 
365039.20 4562980.95 -4787.56 
365034.13 4562992.38 -4786.89 
365029.06 4563003.80 -4786.22 
365023.99 4563015.23 -4785.56 
365018.93 4563026.66 -4784.89 
365013.86 4563038.09 -4784.22 
365008.79 4563049.51 -4783.56 
365003.72 4563060.94 -4782.89 
364998.66 4563072.37 -4782.22 
364993.59 4563083.79 -4781.67 
364988.52 4563095.22 -4781.11 
364983.45 4563106.65 -4780.67 
364978.39 4563118.07 -4780.22 
364973.32 4563129.50 -4779.67 
364968.25 4563140.93 -4779.11 
364963.19 4563152.35 -4778.41 
364958.12 4563163.78 -4777.72 
364953.05 4563175.21 -4777.11 
364947.98 4563186.64 -4776.49 
364942.92 4563198.06 -4775.85 
364937.85 4563209.49 -4775.21 
364932.78 4563220.92 -4774.57 
364927.71 4563232.34 -4773.94 
364922.65 4563243.77 -4773.29 
364917.58 4563255.20 -4772.65 
364912.51 4563266.62 -4771.93 
364907.44 4563278.05 -4771.21 
364902.38 4563289.48 -4770.65 
364897.31 4563300.90 -4770.09 
364892.24 4563312.33 -4769.54 
364887.18 4563323.76 -4768.98 
364882.11 4563335.19 -4768.65 
364877.04 4563346.61 -4768.32 
364871.97 4563358.04 -4768.12 
364866.91 4563369.47 -4767.93 
364861.84 4563380.89 -4767.77 
364856.77 4563392.32 -4767.60 
364851.70 4563403.75 -4767.46 
364846.64 4563415.17 -4767.33 
364841.57 4563426.60 -4767.19 
364836.50 4563438.03 -4767.04 
364831.44 4563449.46 -4766.91 
364826.37 4563460.88 -4766.78 
364821.30 4563472.31 -4766.72 
364816.23 4563483.74 -4766.67 
364811.17 4563495.16 -4766.50 
364806.10 4563506.59 -4766.33 
364801.03 4563518.02 -4766.09 
364795.96 4563529.44 -4765.85 
364790.90 4563540.87 -4765.54 
364785.83 4563552.30 -4765.23 
364780.76 4563563.72 -4764.78 
364775.69 4563575.15 -4764.34 
364770.63 4563586.58 -4763.83 
364765.56 4563598.01 -4763.32 
364760.49 4563609.43 -4762.73 
364755.43 4563620.86 -4762.13 
364750.36 4563632.29 -4761.47 
364745.29 4563643.71 -4760.80 
364740.22 4563655.14 -4760.13 
364735.16 4563666.57 -4759.47 
364730.09 4563677.99 -4758.80 
364725.02 4563689.42 -4758.13 
364719.95 4563700.85 -4757.52 
364714.89 4563712.27 -4756.91 
364709.82 4563723.70 -4756.37 
364704.75 4563735.13 -4755.83 
364699.68 4563746.56 -4755.37 
364694.62 4563757.98 -4754.90 
364689.55 4563769.41 -4754.68 
364684.48 4563780.84 -4754.46 
364679.42 4563792.26 -4754.19 
364674.35 4563803.69 -4753.93 
364669.28 4563815.12 -4753.74 
364664.21 4563826.54 -4753.56 
364659.15 4563837.97 -4753.44 
364654.08 4563849.40 -4753.33 
364649.01 4563860.82 -4753.22 
364643.94 4563872.25 -4753.11 
364638.88 4563883.68 -4753.00 
364633.81 4563895.11 -4752.89 
364628.74 4563906.53 -4752.78 
364623.68 4563917.96 -4752.67 
364618.61 4563929.39 -4752.56 
364613.54 4563940.81 -4752.44 
364608.47 4563952.24 -4752.33 
364603.41 4563963.67 -4752.22 
364598.34 4563975.09 -4752.11 
364593.27 4563986.52 -4752.00 
364588.20 4563997.95 -4752.00 
364583.14 4564009.38 -4752.00 
