# 1: Inline
# 2: Crossline
# 3: X
# 4: Y
# 5: Z
# - - - - - - - - - -
0	51	620986.88	6080882.36	648.6175060272217
0	52	621036.86	6080883.76	647.8394865989685
0	53	621086.84	6080885.16	647.9663848876953
1	50	620935.5	6080930.95	649.9454379081726
1	51	620985.48	6080932.34	648.6674547195435
1	52	621035.46	6080933.74	648.1771469116211
1	55	621185.41	6080937.93	648.8556861877441
1	56	621235.39	6080939.33	648.9387154579163
2	49	620884.13	6080979.53	650.4381895065308
2	50	620934.11	6080980.93	649.4688987731934
2	51	620984.09	6080982.32	648.9192247390747
2	52	621034.07	6080983.72	648.5942602157593
2	53	621084.05	6080985.12	648.4520435333252
2	54	621134.03	6080986.51	648.4601497650145
2	55	621184.01	6080987.91	648.5759615898132
3	49	620882.73	6081029.51	649.215042591095
3	50	620932.71	6081030.91	648.6455202102661
3	51	620982.69	6081032.3	648.2912302017212
3	52	621032.67	6081033.7	648.0594873428345
3	53	621082.65	6081035.1	648.1987237930298
3	54	621132.63	6081036.49	648.2650637626648
4	48	620831.35	6081078.09	648.8908529281616
4	49	620881.33	6081079.49	648.6911773681641
4	50	620931.32	6081080.88	647.9882597923279
4	51	620981.3	6081082.28	647.8655338287354
4	52	621031.28	6081083.68	647.7036476135254
4	53	621081.26	6081085.08	647.8122472763062
4	54	621131.24	6081086.47	647.7899551391602
5	46	620730.0	6081125.28	650.8809924125671
5	47	620779.98	6081126.67	648.529052734375
5	48	620829.96	6081128.07	647.5750803947449
5	49	620879.94	6081129.47	647.7077603340149
5	50	620929.92	6081130.86	647.6057767868042
5	51	620979.9	6081132.26	647.4823355674744
5	52	621029.88	6081133.66	647.6340293884277
5	53	621079.86	6081135.05	647.6826667785645
5	54	621129.84	6081136.45	647.5586891174316
6	45	620678.62	6081173.86	651.0751247406006
6	46	620728.6	6081175.26	648.7687826156616
6	47	620778.58	6081176.65	647.9178667068481
6	48	620828.56	6081178.05	647.4595069885254
6	49	620878.54	6081179.45	647.1135020256041
6	50	620928.52	6081180.84	647.0111608505249
6	51	620978.5	6081182.24	647.2115516662598
6	52	621028.48	6081183.64	647.4390029907227
6	53	621078.46	6081185.03	647.4096179008484
6	54	621128.45	6081186.43	647.3057270050049
7	46	620727.2	6081225.24	649.1063833236694
7	47	620777.19	6081226.63	648.719310760498
7	48	620827.17	6081228.03	648.364782333374
7	49	620877.15	6081229.43	647.4150419235228
7	50	620927.13	6081230.82	646.9568014144897
7	51	620977.11	6081232.22	647.1851468086243
8	44	620625.85	6081272.42	649.4991779327393
8	45	620675.83	6081273.82	648.8244533538817
8	46	620725.81	6081275.21	649.0200757980347
8	47	620775.79	6081276.61	648.9891409873961
8	48	620825.77	6081278.01	648.0960249900818
8	49	620875.75	6081279.41	647.6399898529053
8	50	620925.73	6081280.8	647.4039554595947
8	51	620975.71	6081282.2	647.4691033363342
9	41	620474.51	6081318.21	650.6719589233398
9	42	620524.49	6081319.61	650.001585483551
9	43	620574.47	6081321.0	649.7815847396851
9	44	620624.45	6081322.4	649.094522
9	45	620674.43	6081323.8	649.1495370864868
9	46	620724.41	6081325.19	648.7099528312683
9	47	620774.39	6081326.59	648.2386589050293
9	48	620824.37	6081327.99	647.9601264
9	49	620874.35	6081329.38	647.6302146911621
9	50	620924.33	6081330.78	647.4608182907104
10	39	620373.15	6081365.4	651.5852212905884
10	40	620423.13	6081366.79	650.7692337036133
10	41	620473.11	6081368.19	650.128960609436
10	42	620523.09	6081369.59	649.2704153060913
10	43	620573.08	6081370.98	649.0
10	44	620623.06	6081372.38	648.3712196350098
10	45	620673.04	6081373.78	648.2501626014708
10	46	620723.02	6081375.17	647.9197144508362
10	47	620773.0	6081376.57	647.6966142654419
10	48	620822.98	6081377.97	647.4906802177429
10	49	620872.96	6081379.36	647.5639343261719
10	50	620922.94	6081380.76	647.5553512573241
11	39	620371.76	6081415.37	651.943564414978
11	40	620421.74	6081416.77	650.3846049308777
11	41	620471.72	6081418.17	649.9893069267273
11	42	620521.7	6081419.57	649.0501165390015
11	43	620571.68	6081420.96	648.8127112388611
11	44	620621.66	6081422.36	648.5082507133484
11	45	620671.64	6081423.76	647.8486657142639
11	46	620721.62	6081425.15	647.6627588272095
11	47	620771.6	6081426.55	647.4193334579468
11	48	620821.58	6081427.95	647.0633745193481
11	49	620871.56	6081429.34	647.2657322883606
11	50	620921.54	6081430.74	647.3600268363953
12	39	620370.36	6081465.35	650.137186050415
12	40	620420.34	6081466.75	648.0680108070374
12	41	620470.32	6081468.15	648.3044028282166
12	42	620520.3	6081469.54	648.1627821922302
12	43	620570.28	6081470.94	647.9412913322449
12	44	620620.26	6081472.34	647.6358771324158
12	45	620670.24	6081473.74	647.0616459846497
12	46	620720.22	6081475.13	647.1616625785828
12	47	620770.21	6081476.53	646.9882726669312
12	48	620820.19	6081477.93	647.0338702201843
12	49	620870.17	6081479.32	647.3214030265808
12	50	620920.15	6081480.72	647.5034356117249
13	38	620318.98	6081513.94	648.3090519905089
13	39	620368.97	6081515.33	647.4317312240601
13	40	620418.95	6081516.73	647.1548676490784
13	41	620468.93	6081518.13	647.1033096313477
13	42	620518.91	6081519.52	647.9133367538452
13	43	620568.89	6081520.92	647.7880477905273
13	44	620618.87	6081522.32	647.5579738616943
13	45	620668.85	6081523.71	647.4016904830933
13	46	620718.83	6081525.11	647.2338438034058
13	47	620768.81	6081526.51	647.0229625701904
13	48	620818.79	6081527.9	647.333025932312
14	38	620317.59	6081563.92	648.1823325157166
14	39	620367.57	6081565.31	647.7605104446411
14	40	620417.55	6081566.71	647.629976272583
14	41	620467.53	6081568.11	647.8497385978699
14	42	620517.51	6081569.5	647.9558944702148
14	43	620567.49	6081570.9	647.8968858718872
14	44	620617.47	6081572.3	647.5600600242615
14	45	620667.45	6081573.69	647.4578380584717
14	46	620717.43	6081575.09	647.3454236984253
14	47	620767.41	6081576.49	647.2591161727905
15	37	620266.21	6081612.5	651.1203050613403
15	38	620316.19	6081613.89	648.9736437797545
15	39	620366.17	6081615.29	648.2679843902588
15	40	620416.15	6081616.69	648.0845212936401
15	41	620466.13	6081618.09	648.1572985649109
15	42	620516.11	6081619.48	648.1657028198241
15	43	620566.1	6081620.88	648.1153964996338
15	44	620616.08	6081622.28	647.9586362838745
15	45	620666.06	6081623.67	647.6845741271973
15	46	620716.04	6081625.07	647.840678691864
16	36	620214.84	6081661.08	651.1735916137695
16	37	620264.82	6081662.48	650.6528854370117
16	38	620314.8	6081663.87	649.1440534591675
16	39	620364.78	6081665.27	648.6097574234009
16	40	620414.76	6081666.67	648.3356952667236
16	41	620464.74	6081668.06	648.3526825904846
16	42	620514.72	6081669.46	648.4636068344116
16	43	620564.7	6081670.86	648.3611464500427
16	44	620614.68	6081672.26	648.3815312385559
16	45	620664.66	6081673.65	648.3007669448853
16	46	620714.64	6081675.05	648.401141166687
16	47	620764.62	6081676.45	648.5638618469238
16	48	620814.6	6081677.84	648.8330960273743
16	49	620864.58	6081679.24	649.3759155273438
17	36	620213.44	6081711.06	651.3
17	37	620263.42	6081712.46	650.3976583480835
17	38	620313.4	6081713.85	649.3372321128845
17	39	620363.38	6081715.25	649.200439453125
17	40	620413.36	6081716.65	648.7255096435547
17	41	620463.34	6081718.04	648.58478307724
17	42	620513.32	6081719.44	649.1011381149292
17	43	620563.3	6081720.84	648.9595174789429
17	44	620613.28	6081722.23	648.5620141029358
17	45	620663.26	6081723.63	648.8769054412842
17	46	620713.24	6081725.03	649.2055654525757
17	47	620763.23	6081726.43	649.1727828979492
17	49	620863.19	6081729.22	649.7297286987305
18	26	619712.24	6081747.07	662.5684499740601
18	27	619762.22	6081748.47	662.08416223526
18	35	620162.06	6081759.64	652.3829102516174
18	36	620212.04	6081761.04	651.2375473976135
18	37	620262.02	6081762.44	650.229811668396
18	38	620312.0	6081763.83	649.4048237800598
18	39	620361.98	6081765.23	649.2784023284912
18	40	620411.97	6081766.63	648.99080991745
18	41	620461.95	6081768.02	649.1215229034424
18	42	620511.93	6081769.42	649.3868231773376
18	43	620561.91	6081770.82	648.987889289856
18	44	620611.89	6081772.21	649.2208242416382
18	45	620661.87	6081773.61	649.5670676231384
18	46	620711.85	6081775.01	649.9179601669312
18	47	620761.83	6081776.4	649.5374441146851
19	25	619660.86	6081795.65	662.0588302612305
19	26	619710.84	6081797.05	660.9280109405518
19	27	619760.82	6081798.45	660.5973839759827
19	28	619810.8	6081799.84	659.2660546302795
19	29	619860.78	6081801.24	658.5636138916016
19	31	619960.74	6081804.03	656.2685966491699
19	32	620010.73	6081805.43	654.4777750968933
19	33	620060.71	6081806.83	653.2757878303528
19	34	620110.69	6081808.22	652.5
19	35	620160.67	6081809.62	651.5384912490845
19	36	620210.65	6081811.02	650.6093740463257
19	37	620260.63	6081812.42	649.4903564453125
19	38	620310.61	6081813.81	649.2072939872742
19	39	620360.59	6081815.21	649.3194103240967
19	40	620410.57	6081816.61	648.9588022232056
19	41	620460.55	6081818.0	649.1361260414124
19	42	620510.53	6081819.4	649.5744585990906
19	43	620560.51	6081820.8	649.5760679244995
19	44	620610.49	6081822.19	649.925708770752
19	45	620660.47	6081823.59	649.9307155609131
19	46	620710.45	6081824.99	649.8373746871948
19	47	620760.43	6081826.38	649.6890187263489
19	48	620810.41	6081827.78	649.4061946868896
20	24	619609.49	6081844.24	663.6320352554321
20	25	619659.47	6081845.63	662.2048616409302
20	26	619709.45	6081847.03	661.1576676368712
20	27	619759.43	6081848.43	660.1020097732544
20	28	619809.41	6081849.82	658.862054347992
20	29	619859.39	6081851.22	658.3530902862549
20	30	619909.37	6081852.62	656.4847230911255
20	31	619959.35	6081854.01	655.4554104804993
20	32	620009.33	6081855.41	653.5425782203673
20	33	620059.31	6081856.81	652.6879668235779
20	34	620109.29	6081858.2	652.3154973983765
20	35	620159.27	6081859.6	651.8566012382507
20	36	620209.25	6081861.0	651.2033939361572
20	37	620259.23	6081862.39	650.6043076515198
20	38	620309.21	6081863.79	650.2295136451721
20	39	620359.19	6081865.19	649.7102379798889
20	40	620409.17	6081866.59	649.5853662490845
20	41	620459.15	6081867.98	649.9133706092833
20	42	620509.13	6081869.38	650.0744819641113
20	43	620559.11	6081870.78	650.1575112342833
20	44	620609.1	6081872.17	650.2066850662231
20	45	620659.08	6081873.57	650.0839591026306
20	46	620709.06	6081874.97	650.2105593681335
20	47	620759.04	6081876.36	649.9720215797424
20	48	620809.02	6081877.76	649.4995355606079
21	13	619058.3	6081878.85	681.6701292991638
21	14	619108.28	6081880.25	680.5040836334229
21	22	619508.13	6081891.42	668.318510055542
21	24	619608.09	6081894.21	663.5063886642456
21	25	619658.07	6081895.61	661.3530516624451
21	26	619708.05	6081897.01	660.8331799507141
21	27	619758.03	6081898.41	659.9107384681702
21	28	619808.01	6081899.8	658.5783362388611
21	29	619857.99	6081901.2	657.6341390609741
21	30	619907.97	6081902.6	656.1012268066406
21	31	619957.95	6081903.99	655.0694108009337
21	32	620007.93	6081905.39	654.0152430534363
21	33	620057.91	6081906.79	653.2889008522034
21	34	620107.89	6081908.18	652.8660655021667
21	35	620157.87	6081909.58	652.1536111831665
21	36	620207.86	6081910.98	651.7986059188843
21	37	620257.84	6081912.37	651.650071144104
21	38	620307.82	6081913.77	651.5114307403564
21	39	620357.8	6081915.17	651.2816548347473
21	40	620407.78	6081916.56	651.3044238090515
21	41	620457.76	6081917.96	651.5455842018127
21	42	620507.74	6081919.36	651.6847014427185
21	43	620557.72	6081920.76	651.0657668113708
21	44	620607.7	6081922.15	650.7157683372498
21	45	620657.68	6081923.55	650.597870349884
21	46	620707.66	6081924.95	650.2968668937683
21	47	620757.64	6081926.34	649.2224335670471
22	12	619006.93	6081927.43	683.6709380149841
22	13	619056.91	6081928.83	681.3282370567322
22	14	619106.89	6081930.23	679.7745823860168
22	20	619406.77	6081938.61	671.4907884597777
22	21	619456.75	6081940.0	670.4789400100708
22	22	619506.73	6081941.4	668.2831645011902
22	23	619556.71	6081942.8	665.1139855384827
22	24	619606.69	6081944.19	663.0282998085022
22	25	619656.67	6081945.59	661.6585254669188
22	27	619756.63	6081948.38	660.1253747940063
22	28	619806.62	6081949.78	659.197986125946
22	29	619856.6	6081951.18	657.3494076728821
22	30	619906.58	6081952.58	656.6274166107178
22	31	619956.56	6081953.97	655.775785446167
22	32	620006.54	6081955.37	654.5007824897766
22	33	620056.52	6081956.77	653.5943746566772
22	34	620106.5	6081958.16	652.9686450958252
22	35	620156.48	6081959.56	652.5394916534424
22	36	620206.46	6081960.96	652.3941159248352
22	37	620256.44	6081962.35	652.1902680397034
22	38	620306.42	6081963.75	651.787281036377
22	39	620356.4	6081965.15	651.6602635383606
22	40	620406.38	6081966.54	651.7821550369263
22	41	620456.36	6081967.94	652.0064473152161
22	42	620506.34	6081969.34	651.9598364830017
22	43	620556.32	6081970.73	651.5128016471863
22	44	620606.3	6081972.13	651.1021256446838
22	45	620656.28	6081973.53	650.8404612541199
22	46	620706.26	6081974.93	650.6197452545166
22	47	620756.24	6081976.32	650.1128077507019
23	11	618955.55	6081976.01	684.0648651123047
23	12	619005.53	6081977.41	681.7232966423035
23	14	619105.49	6081980.2	678.506731987
23	18	619305.41	6081985.79	674.3370294570923
23	19	619355.39	6081987.19	671.9004511833191
23	20	619405.38	6081988.59	670.9707975387573
23	21	619455.36	6081989.98	669.259548187256
23	22	619505.34	6081991.38	667.6551103591919
23	23	619555.32	6081992.78	665.2016639709473
23	24	619605.3	6081994.17	663.6508703231812
23	26	619705.26	6081996.97	661.6311073303223
23	27	619755.24	6081998.36	660.1564288139343
23	28	619805.22	6081999.76	659.087300300598
23	29	619855.2	6082001.16	656.7620635032654
23	30	619905.18	6082002.55	656.6864848136902
23	31	619955.16	6082003.95	655.7057499885559
23	32	620005.14	6082005.35	654.4164419174193
23	33	620055.12	6082006.75	653.413712978363
23	34	620105.1	6082008.14	652.9795527458191
23	35	620155.08	6082009.54	652.8911590576172
23	36	620205.06	6082010.94	652.7236104011536
23	37	620255.04	6082012.33	652.4125337600708
23	38	620305.02	6082013.73	652.1745324134827
23	39	620355.0	6082015.13	652.0376205444336
23	40	620404.99	6082016.52	652.0662307739258
23	41	620454.97	6082017.92	652.0984172821045
23	42	620504.95	6082019.32	651.9885659217833
23	43	620554.93	6082020.71	651.1958241462708
23	44	620604.91	6082022.11	651.0446071624756
23	45	620654.89	6082023.51	650.5894660949707
23	46	620704.87	6082024.9	650.8647799491881
24	11	618954.15	6082025.99	681.700527668
24	12	619004.14	6082027.39	678.8532733917236
24	13	619054.12	6082028.79	678.3041954040527
24	14	619104.1	6082030.18	676.5546202659607
24	17	619254.04	6082034.37	674.0762591362
24	18	619304.02	6082035.77	672.455906867981
24	19	619354.0	6082037.17	670.8704829216003
24	20	619403.98	6082038.57	669.7095632553101
24	21	619453.96	6082039.96	668.2685017585753
24	22	619503.94	6082041.36	666.935920715332
24	23	619553.92	6082042.76	664.4627451896667
24	24	619603.9	6082044.15	663.1726026535033
24	25	619653.88	6082045.55	662.5975966453552
24	26	619703.86	6082046.95	660.9348058700562
24	27	619753.84	6082048.34	659.5045328140259
24	28	619803.82	6082049.74	658.1384539604187
24	29	619853.8	6082051.14	656.6756963729857
24	30	619903.78	6082052.53	655.9520959854126
24	31	619953.76	6082053.93	654.9180746078491
24	32	620003.75	6082055.33	654.6176075935364
24	33	620053.73	6082056.72	653.7760496139526
24	34	620103.71	6082058.12	653.6449193954468
24	35	620153.69	6082059.52	653.8845896720886
24	36	620203.67	6082060.91	653.2902121543884
24	37	620253.65	6082062.31	652.824640274048
24	38	620303.63	6082063.71	652.4981856346129
24	39	620353.61	6082065.11	652.2208452224731
24	40	620403.59	6082066.5	652.3321270942688
24	41	620453.57	6082067.9	652.0015001296997
24	42	620503.55	6082069.3	651.5746116638184
24	43	620553.53	6082070.69	651.1745452880859
24	44	620603.51	6082072.09	650.7872939109801
24	45	620653.49	6082073.49	650.9750485420227
24	46	620703.47	6082074.88	651.3703465461731
24	47	620753.45	6082076.28	651.4783501625061
25	10	618902.78	6082074.58	681.9818019866943
25	11	618952.76	6082075.97	679.9964904785156
25	12	619002.74	6082077.37	677.8860092163086
25	13	619052.72	6082078.77	677.139401435852
25	14	619102.7	6082080.16	676.5156388282776
25	15	619152.68	6082081.56	676.1425733566284
25	16	619202.66	6082082.96	675.442636013031
25	17	619252.64	6082084.35	673.3270287513733
25	18	619302.62	6082085.75	671.9388961791992
25	19	619352.6	6082087.15	670.298159122467
25	20	619402.58	6082088.54	669.1374182701111
25	21	619452.56	6082089.94	667.7936315536499
25	22	619502.54	6082091.34	666.609525680542
25	23	619552.52	6082092.74	664.0797853469849
25	24	619602.51	6082094.13	662.6846194267273
25	25	619652.49	6082095.53	660.9453558921814
25	26	619702.47	6082096.93	659.9302887916565
25	27	619752.45	6082098.32	658.9829325675964
25	28	619802.43	6082099.72	657.8912734985352
25	29	619852.41	6082101.12	657.0148468017578
25	30	619902.39	6082102.51	656.3182473182678
25	31	619952.37	6082103.91	655.5225849151611
25	32	620002.35	6082105.31	655.1994681358337
25	33	620052.33	6082106.7	654.9403667449951
25	34	620102.31	6082108.1	654.9655795097351
25	35	620152.29	6082109.5	654.6784043312073
25	36	620202.27	6082110.89	654.1764736175537
25	37	620252.25	6082112.29	653.2846689224243
25	38	620302.23	6082113.69	652.9428958892822
25	39	620352.21	6082115.08	652.4507403373718
25	40	620402.19	6082116.48	652.2504687309265
25	41	620452.17	6082117.88	652.2285342216492
25	42	620502.15	6082119.28	651.9866585731505
25	43	620552.13	6082120.67	651.8461108207703
25	44	620602.12	6082122.07	651.3829231262207
25	45	620652.1	6082123.47	652.0683765411377
25	46	620702.08	6082124.86	652.059018611908
26	9	618851.4	6082123.16	682.8839182853699
26	10	618901.38	6082124.56	680.6708574295044
26	11	618951.36	6082125.95	678.4681081771851
26	12	619001.34	6082127.35	677.0906448364258
26	13	619051.32	6082128.75	677.5737404823303
26	14	619101.3	6082130.14	677.0598888397217
26	15	619151.28	6082131.54	676.0550141334534
26	16	619201.27	6082132.94	674.8431324958801
26	17	619251.25	6082134.33	672.579288482666
26	18	619301.23	6082135.73	671.3739037513733
26	19	619351.21	6082137.13	669.6290373802185
26	20	619401.19	6082138.52	668.0898070335388
26	23	619551.13	6082142.71	663.3508205413817
26	24	619601.11	6082144.11	661.628782749176
26	25	619651.09	6082145.51	660.3021621704102
26	26	619701.07	6082146.9	659.9286794662476
26	27	619751.05	6082148.3	659.4181060791016
26	28	619801.03	6082149.7	658.0215692520142
26	29	619851.01	6082151.1	657.1817398071289
26	30	619900.99	6082152.49	656.8399667739868
26	31	619950.97	6082153.89	656.3130617141724
26	32	620000.95	6082155.29	655.9624075889587
26	33	620050.93	6082156.68	655.8290123939514
26	34	620100.91	6082158.08	655.6438803672792
26	35	620150.89	6082159.48	655.2088260650635
26	36	620200.88	6082160.87	654.7631025314331
26	37	620250.86	6082162.27	654.1797518730164
26	38	620300.84	6082163.67	653.7628769874573
26	39	620350.82	6082165.06	652.9356837272644
26	40	620400.8	6082166.46	652.7836322784424
26	41	620450.78	6082167.86	652.8065204620361
26	42	620500.76	6082169.25	652.3257493972777
26	43	620550.74	6082170.65	652.9011726379395
26	44	620600.72	6082172.05	652.8088450431824
26	45	620650.7	6082173.45	652.8009176254272
27	8	618800.02	6082171.74	683.9421987533569
27	9	618850.01	6082173.14	681.0053586959839
27	10	618899.99	6082174.53	679.5315146446228
27	11	618949.97	6082175.93	678.6794662475586
27	12	618999.95	6082177.33	678.7362098693848
27	13	619049.93	6082178.73	678.1439781188965
27	14	619099.91	6082180.12	676.5102744102478
27	15	619149.89	6082181.52	675.4448413848877
27	16	619199.87	6082182.92	673.7895607948303
27	17	619249.85	6082184.31	672.4005937576294
27	18	619299.83	6082185.71	671.2831854820251
27	19	619349.81	6082187.11	669.3207025527954
27	20	619399.79	6082188.5	666.1062836647034
27	21	619449.77	6082189.9	664.0148758888245
27	22	619499.75	6082191.3	662.540555
27	23	619549.73	6082192.69	662.0073914527893
27	24	619599.71	6082194.09	660.8453989028931
27	25	619649.69	6082195.49	659.9859
27	26	619699.67	6082196.88	659.6590280532837
27	27	619749.65	6082198.28	659.3106389045715
27	28	619799.64	6082199.68	658.78826379776
27	29	619849.62	6082201.07	658.1355333328247
27	30	619899.6	6082202.47	657.8269600868225
27	31	619949.58	6082203.87	656.9449305534363
27	32	619999.56	6082205.27	656.4877033233643
27	33	620049.54	6082206.66	656.1421155929564
27	34	620099.52	6082208.06	656.1618447303772
27	35	620149.5	6082209.46	655.7904481887816
27	36	620199.48	6082210.85	655.309796333313
27	37	620249.46	6082212.25	654.880702495575
27	38	620299.44	6082213.65	654.3911695480347
27	39	620349.42	6082215.04	654.2059183120728
27	40	620399.4	6082216.44	654.3630361557007
27	41	620449.38	6082217.84	653.9021134376526
27	42	620499.36	6082219.23	653.2118320465088
27	43	620549.34	6082220.63	653.2535552978516
27	44	620599.32	6082222.03	653.9086699485779
28	7	618748.65	6082220.32	684.9415898323059
28	8	618798.63	6082221.72	683.3978891372681
28	9	618848.61	6082223.12	680.1025867462158
28	10	618898.59	6082224.51	679.7229647636414
28	11	618948.57	6082225.91	679.139256477356
28	12	618998.55	6082227.31	678.8160800933838
28	13	619048.53	6082228.7	677.4123907089233
28	14	619098.51	6082230.1	676.1144995689392
28	15	619148.49	6082231.5	674.7164726257324
28	16	619198.47	6082232.89	673.2491850852966
28	17	619248.45	6082234.29	671.8027591705321
28	18	619298.43	6082235.69	669.159471988678
28	19	619348.41	6082237.09	665.0437116622925
28	20	619398.4	6082238.48	664.1401648521423
28	21	619448.38	6082239.88	663.2916927337646
28	22	619498.36	6082241.28	661.4153385162354
28	23	619548.34	6082242.67	660.9715819358826
28	24	619598.32	6082244.07	660.5132222175598
28	25	619648.3	6082245.47	659.9366068840027
28	26	619698.28	6082246.86	659.5019102096558
28	27	619748.26	6082248.26	659.227192401886
28	28	619798.24	6082249.66	658.7701439857483
28	29	619848.22	6082251.05	658.7269902229309
28	30	619898.2	6082252.45	658.3402156829834
28	31	619948.18	6082253.85	657.4955582618712
28	32	619998.16	6082255.24	656.7210555076599
28	33	620048.14	6082256.64	656.5184593200684
28	34	620098.12	6082258.04	656.4316153526306
28	35	620148.1	6082259.44	656.0666561126709
28	36	620198.08	6082260.83	655.6652188301086
28	37	620248.06	6082262.23	655.2357077598572
28	38	620298.04	6082263.63	654.8171639442444
28	39	620348.02	6082265.02	654.7146439552307
28	40	620398.01	6082266.42	654.697597026825
28	41	620447.99	6082267.82	654.2448401451111
28	42	620497.97	6082269.21	654.5134782791138
28	43	620547.95	6082270.61	654.6154618263245
28	44	620597.93	6082272.01	653.8424491882324
29	6	618697.27	6082268.91	686.2444877624512
29	7	618747.25	6082270.3	683.7586164474487
29	8	618797.23	6082271.7	681.7366480827332
29	9	618847.21	6082273.1	680.2272200584412
29	10	618897.19	6082274.49	679.2341470718384
29	11	618947.17	6082275.89	677.5632500648499
29	12	618997.15	6082277.29	677.075982093811
29	13	619047.14	6082278.68	675.8847236633301
29	14	619097.12	6082280.08	675.5293607711792
29	15	619147.1	6082281.48	673.7560629844666
29	16	619197.08	6082282.87	672.1032857894897
29	17	619247.06	6082284.27	670.9734797477722
29	18	619297.04	6082285.67	665.547788143158
29	19	619347.02	6082287.06	663.5234951972961
29	20	619397.0	6082288.46	662.7094745635985
29	21	619446.98	6082289.86	661.9359254837036
29	22	619496.96	6082291.26	661.0599756240845
29	23	619546.94	6082292.65	660.4626774787903
29	24	619596.92	6082294.05	660.0649952888489
29	25	619646.9	6082295.45	659.7987413406372
29	26	619696.88	6082296.84	659.5272421836853
29	27	619746.86	6082298.24	659.1595411300659
29	28	619796.84	6082299.64	659.0728163719177
29	29	619846.82	6082301.03	658.9275598526001
29	30	619896.8	6082302.43	658.5226655006409
29	31	619946.78	6082303.83	658.0116152763367
29	32	619996.77	6082305.22	657.3309302330017
29	33	620046.75	6082306.62	656.6627025604248
29	34	620096.73	6082308.02	656.0782790184021
29	35	620146.71	6082309.41	655.8601260185242
29	36	620196.69	6082310.81	655.6057333946228
29	37	620246.67	6082312.21	655.0799012184143
29	38	620296.65	6082313.61	655.4409265518188
29	39	620346.63	6082315.0	655.0298929214478
30	5	618645.9	6082317.49	686.5209341049193
30	6	618695.88	6082318.88	683.9731335639954
30	7	618745.86	6082320.28	682.6406717300415
30	8	618795.84	6082321.68	680.7395219802856
30	9	618845.82	6082323.08	679.555356502533
30	10	618895.8	6082324.47	677.6211857795715
30	11	618945.78	6082325.87	677.3117780685425
30	12	618995.76	6082327.27	676.1894822120667
30	13	619045.74	6082328.66	675.2774119377136
30	14	619095.72	6082330.06	674.484372138977
30	15	619145.7	6082331.46	672.3753809928894
30	16	619195.68	6082332.85	670.8587408065796
30	17	619245.66	6082334.25	668.7520742416382
30	18	619295.64	6082335.65	664.7565960884094
30	19	619345.62	6082337.04	663.1487607955933
30	20	619395.6	6082338.44	662.6060605049133
30	21	619445.58	6082339.84	661.2967252731323
30	22	619495.56	6082341.23	661.0223054885864
30	23	619545.54	6082342.63	660.3260636329651
30	24	619595.52	6082344.03	660.1276993751526
30	25	619645.51	6082345.43	659.9477529525757
30	26	619695.49	6082346.82	659.7607135772705
30	27	619745.47	6082348.22	659.2666506767273
30	28	619795.45	6082349.62	659.1622233390808
30	29	619845.43	6082351.01	659.0668559074402
30	30	619895.41	6082352.41	658.8736176490784
30	31	619945.39	6082353.81	658.4523320198059
30	32	619995.37	6082355.2	658.3989262580872
30	33	620045.35	6082356.6	657.0853590965271
30	34	620095.33	6082358.0	656.911075115204
30	35	620145.31	6082359.39	656.1766266822815
30	36	620195.29	6082360.79	655.846893787384
30	37	620245.27	6082362.19	655.5668115615845
30	38	620295.25	6082363.58	655.7189226150513
31	5	618644.5	6082367.47	683.5364103317261
31	6	618694.48	6082368.86	683.2042932510376
31	7	618744.46	6082370.26	681.9097995758057
31	8	618794.44	6082371.66	680.0941824913025
31	10	618894.4	6082374.45	677.4609684944153
31	11	618944.38	6082375.85	678.08997631073
31	12	618994.36	6082377.25	675.9188771247864
31	13	619044.34	6082378.64	674.3096113204956
31	14	619094.32	6082380.04	673.041045665741
31	15	619144.3	6082381.44	671.5044379234314
31	16	619194.28	6082382.83	668.8653230667113
31	17	619244.27	6082384.23	666.4265990257263
31	18	619294.25	6082385.63	664.7732257843018
31	21	619444.19	6082389.82	662.3693704605104
31	22	619494.17	6082391.21	661.834716796875
31	23	619544.15	6082392.61	661.080837249756
31	24	619594.13	6082394.01	660.7605814933777
31	25	619644.11	6082395.4	660.5894565582275
31	26	619694.09	6082396.8	660.1107716560364
31	27	619744.07	6082398.2	659.5841646194458
31	28	619794.05	6082399.6	659.3692302703857
31	29	619844.03	6082400.99	659.1807007789612
31	30	619894.01	6082402.39	659.0554118156433
31	31	619943.99	6082403.79	658.8226556777954
31	32	619993.97	6082405.18	658.4829092025757
31	33	620043.95	6082406.58	657.6445102691649
31	34	620093.93	6082407.98	657.3977470397949
31	35	620143.91	6082409.37	656.9738984107971
31	36	620193.9	6082410.77	656.46892786026
31	37	620243.88	6082412.17	655.7091474533081
31	38	620293.86	6082413.56	655.703604221344
32	4	618593.12	6082416.05	684.585452079773
32	5	618643.1	6082417.45	683.385849
32	6	618693.08	6082418.84	682.5686693191528
32	7	618743.06	6082420.24	681.1591982841492
32	9	618843.03	6082423.03	678.0341267585753
32	10	618893.01	6082424.43	677.63453722
32	11	618942.99	6082425.83	677.526474
32	12	618992.97	6082427.22	675.4686832427979
32	13	619042.95	6082428.62	673.7128496170044
32	14	619092.93	6082430.02	671.6344952583313
32	15	619142.91	6082431.42	670.4227328300476
32	16	619192.89	6082432.81	667.905867099762
32	17	619242.87	6082434.21	666.9164896011353
32	20	619392.81	6082438.4	663.4756326675415
32	21	619442.79	6082439.8	663.1761193275452
32	22	619492.77	6082441.19	662.6190543174744
32	23	619542.75	6082442.59	661.8421077728271
32	24	619592.73	6082443.99	661.5890860557556
32	25	619642.71	6082445.38	661.1664891242981
32	26	619692.69	6082446.78	660.5013608932495
32	27	619742.67	6082448.18	660.026788711548
32	30	619892.62	6082452.37	659.2548489570618
32	31	619942.6	6082453.77	659.019410610199
32	32	619992.58	6082455.16	658.5800647735596
32	33	620042.56	6082456.56	657.9501032829285
32	34	620092.54	6082457.96	657.1362614631653
33	2	618491.77	6082463.24	685.9164237976073
33	3	618541.75	6082464.63	684.7931146621704
33	4	618591.73	6082466.03	684.0295195579529
33	5	618641.71	6082467.43	682.5342178344728
33	6	618691.69	6082468.82	681.6020607948303
33	7	618741.67	6082470.22	680.8457970619202
33	8	618791.65	6082471.62	679.7381043434143
33	9	618841.63	6082473.01	678.6401867866516
33	10	618891.61	6082474.41	678.2444715499878
33	11	618941.59	6082475.81	677.3926615715027
33	12	618991.57	6082477.2	674.7469902038574
33	13	619041.55	6082478.6	672.7009415626526
33	14	619091.53	6082480.0	670.9538698196411
33	15	619141.51	6082481.39	668.7343120574951
33	16	619191.49	6082482.79	667.4916744232178
33	19	619341.43	6082486.98	664.9346351623535
33	20	619391.41	6082488.38	664.1890406608582
33	21	619441.4	6082489.78	663.8527512550354
33	22	619491.38	6082491.17	663.4184718132019
33	23	619541.36	6082492.57	663.0198359489441
33	24	619591.34	6082493.97	663.1141304969788
33	25	619641.32	6082495.36	662.5465750694275
33	26	619691.3	6082496.76	662.0023250579834
33	28	619791.26	6082499.55	660.1699590682985
33	29	619841.24	6082500.95	659.8246097564697
33	30	619891.22	6082502.35	659.7996354103088
33	31	619941.2	6082503.74	659.5974564552307
33	32	619991.18	6082505.14	659.040093421936
34	2	618490.37	6082513.21	684.4384670257568
34	3	618540.35	6082514.61	683.8065385818481
34	4	618590.33	6082516.01	682.8454732894897
34	5	618640.31	6082517.41	682.0952892303467
34	6	618690.29	6082518.8	681.0396909713745
34	7	618740.27	6082520.2	680.3238391876221
34	8	618790.25	6082521.6	679.3444752693176
34	9	618840.23	6082522.99	678.4688234329224
34	10	618890.21	6082524.39	677.5104403495789
34	11	618940.19	6082525.79	675.3091216087341
34	12	618990.17	6082527.18	672.5628972053528
34	13	619040.16	6082528.58	671.5160012245177
34	14	619090.14	6082529.98	670.2750325202942
34	15	619140.12	6082531.37	668.7461137771606
34	18	619290.06	6082535.56	666.1565303802489
34	19	619340.04	6082536.96	665.0311350822449
34	20	619390.02	6082538.36	664.4392609596252
34	21	619440.0	6082539.76	664.1387343406677
34	22	619489.98	6082541.15	663.6894345283508
34	23	619539.96	6082542.55	663.5041236877441
34	24	619589.94	6082543.95	663.2150411605835
34	28	619789.86	6082549.53	660.4573130607605
34	29	619839.84	6082550.93	660.1285934448241
34	30	619889.82	6082552.33	659.8402261734009
34	31	619939.8	6082553.72	659.4455242156982
35	2	618488.97	6082563.19	683.7955117225647
35	3	618538.95	6082564.59	682.6551556587219
35	4	618588.93	6082565.99	681.6175580024719
35	5	618638.92	6082567.38	681.2900304794312
35	6	618688.9	6082568.78	680.6683540344238
35	7	618738.88	6082570.18	679.7181963920593
35	8	618788.86	6082571.58	678.7546277046204
35	10	618888.82	6082574.37	676.0914921760559
35	11	618938.8	6082575.77	674.5451092720032
35	12	618988.78	6082577.16	672.5890040397644
35	13	619038.76	6082578.56	671.3358163833618
35	16	619188.7	6082582.75	667.3761606216431
35	17	619238.68	6082584.15	666.4950251579285
35	18	619288.66	6082585.54	665.7090783119202
35	19	619338.64	6082586.94	664.9091839790344
35	20	619388.62	6082588.34	664.4947528839111
35	21	619438.6	6082589.73	664.2274856567383
36	6	618687.5	6082618.76	680.4831624031067
36	7	618737.48	6082620.16	679.7478795051575
36	8	618787.46	6082621.55	678.5010695457458
36	9	618837.44	6082622.95	676.4106750488281
36	10	618887.42	6082624.35	674.4154691696167
36	11	618937.4	6082625.75	673.0796694755553
36	12	618987.38	6082627.14	671.7171669006348
36	15	619137.32	6082631.33	668.2717204093933
36	16	619187.3	6082632.73	667.3387289047241
36	17	619237.29	6082634.13	666.7979955673218
36	18	619287.27	6082635.52	666.2315130233765
36	19	619337.25	6082636.92	665.3355956077576
36	20	619387.23	6082638.32	664.7877097129822
36	21	619437.21	6082639.71	664.2867326736449
37	4	618586.14	6082665.95	682.1808815002441
37	5	618636.12	6082667.34	681.5064549446106
37	6	618686.1	6082668.74	680.450975894928
37	7	618736.08	6082670.14	679.3733239173889
37	8	618786.06	6082671.53	677.4734258651732
37	9	618836.05	6082672.93	675.6114959716797
37	10	618886.03	6082674.33	674.2280125617981
37	11	618936.01	6082675.72	672.6219654083252
37	15	619135.93	6082681.31	668.7016487121582
37	16	619185.91	6082682.71	668.0324077606201
37	17	619235.89	6082684.11	667.3752069473267
37	18	619285.87	6082685.5	666.9102907180786
37	19	619335.85	6082686.9	666.1283373832703
37	20	619385.83	6082688.3	665.1225686073303
38	3	618534.77	6082714.53	683.2456588745117
38	4	618584.75	6082715.93	682.9019784927368
38	5	618634.73	6082717.32	681.3391447067261
38	6	618684.71	6082718.72	680.3309917449951
38	7	618734.69	6082720.12	679.0515780448914
38	8	618784.67	6082721.51	676.2100458145142
38	9	618834.65	6082722.91	674.8925447463989
38	10	618884.63	6082724.31	674.483597278595
38	11	618934.61	6082725.7	672.8612780570984
38	14	619084.55	6082729.89	670.0
38	15	619134.53	6082731.29	669.2844033241272
38	16	619184.51	6082732.69	668.5617566108704
38	17	619234.49	6082734.08	667.8790450096129
38	18	619284.47	6082735.48	667.4604415893555
38	19	619334.45	6082736.88	666.5998697280884
39	4	618583.35	6082765.9	683.5054159164429
39	5	618633.33	6082767.3	681.9212436676024
39	6	618683.31	6082768.7	679.1992783546448
39	7	618733.29	6082770.1	676.459550857544
39	8	618783.27	6082771.49	674.712598323822
39	9	618833.25	6082772.89	674.1341352462769
39	14	619083.16	6082779.87	670.8950400352478
39	15	619133.14	6082781.27	670.1825857162476
39	16	619183.12	6082782.67	669.0413355827332
39	17	619233.1	6082784.06	668.39599609375
40	3	618531.97	6082814.49	683.6968660354614
40	4	618581.95	6082815.88	682.6772689819336
40	5	618631.93	6082817.28	680.3113222122192
40	6	618681.92	6082818.68	677.7139902114868
40	7	618731.9	6082820.07	676.0734915733337
40	11	618931.82	6082825.66	672.4540591239929
40	12	618981.8	6082827.06	671.8658208847046
40	13	619031.78	6082828.46	671.4381575584412
40	14	619081.76	6082829.85	671.2002158164978
40	15	619131.74	6082831.25	670.9574460983276
41	2	618480.6	6082863.07	682.8759908676147
41	3	618530.58	6082864.47	682.6566457748413
41	4	618580.56	6082865.86	681.0019016265869
41	5	618630.54	6082867.26	677.6818633079529
41	11	618930.42	6082875.64	672.3852157592772
41	12	618980.4	6082877.04	672.0306873321533
41	13	619030.38	6082878.44	671.3510751724243
41	14	619080.36	6082879.83	671.0654497146606
42	1	618429.22	6082911.65	683.2541227340697
42	2	618479.2	6082913.05	682.1007132530212
42	3	618529.18	6082914.45	680.5576086044312
42	4	618579.16	6082915.84	678.3419251441956
42	9	618829.06	6082922.83	673.3019948005676
42	10	618879.05	6082924.22	672.7043390274048
42	11	618929.03	6082925.62	671.9847917556763
42	12	618979.01	6082927.02	671.9799637794496
42	13	619028.99	6082928.41	671.5130805969238
43	3	618527.79	6082964.43	679.6174645423889
43	8	618777.69	6082971.41	673.6727952957153
43	9	618827.67	6082972.81	673.0157732963562
43	10	618877.65	6082974.2	672.4996566772461
43	11	618927.63	6082975.6	672.0735430717468
43	12	618977.61	6082977.0	671.9332933425903
44	6	618676.33	6083018.6	676.2310266494751
44	7	618726.31	6083019.99	675.5080223083496
44	8	618776.29	6083021.39	674.7307181358337
44	9	618826.27	6083022.79	673.5559701919556
44	10	618876.25	6083024.18	672.93381690979
44	11	618926.23	6083025.58	672.8500127792358
45	6	618674.94	6083068.57	676.5435934066772
45	7	618724.92	6083069.97	676.0218143463135
45	8	618774.9	6083071.37	675.4547357559204
45	9	618824.88	6083072.77	674.5879054069519
45	10	618874.86	6083074.16	674.3352413177489
45	11	618924.84	6083075.56	674.0570068359375
46	5	618623.56	6083117.16	677.4313449859619
46	6	618673.54	6083118.55	676.9771575927734
46	7	618723.52	6083119.95	676.339626312256
46	8	618773.5	6083121.35	675.8163571357727
46	9	618823.48	6083122.74	675.4190921783447
46	10	618873.46	6083124.14	674.9047040939331
47	4	618572.18	6083165.74	677.2290468215942
47	5	618622.16	6083167.14	677.0687103271484
47	6	618672.14	6083168.53	676.7404079437256
47	7	618722.12	6083169.93	676.2261390686035
47	8	618772.1	6083171.33	675.8842468261719
47	9	618822.08	6083172.72	675.4332184791565
48	4	618570.79	6083215.72	677.0458221435547
48	5	618620.77	6083217.12	676.8795251846313
48	6	618670.75	6083218.51	676.6749620437622
48	7	618720.73	6083219.91	676.4416694641113
48	8	618770.71	6083221.31	676.1339902877808
48	9	618820.69	6083222.7	675.3932237625122
49	3	618519.41	6083264.3	677.4422526359558
49	4	618569.39	6083265.7	677.2382259368896
49	5	618619.37	6083267.09	677.2153377532959
49	6	618669.35	6083268.49	676.9936084747313
49	7	618719.33	6083269.89	676.6290664672852
49	8	618769.31	6083271.29	676.3254404067993
50	4	618567.99	6083315.68	678.0484914779663
50	5	618617.97	6083317.07	677.8645515441896
50	6	618667.96	6083318.47	677.2292852401732
51	2	618466.64	6083362.86	679.7218322753905
51	3	618516.62	6083364.26	679.4919967651367
51	4	618566.6	6083365.66	679.1058778762816
52	0	618365.28	6083410.05	680.7628870010376
52	1	618415.26	6083411.45	680.1837682724
52	2	618465.24	6083412.84	679.9708604812622
53	1	618413.86	6083461.42	680.2268624305725
